2.276412747125665381e-02 1.000000000000000000e+00
5.835384120747742764e-02 1.000000000000000000e+00
-1.426389196462535952e-02 1.000000000000000000e+00
3.122339819943098504e+00 1.000000000000000000e+00
3.160816724611537620e-01 1.000000000000000000e+00
-1.081215563676935984e-02 1.000000000000000000e+00
-4.912347179889094834e-02 1.000000000000000000e+00
-2.905260296456111391e-01 1.000000000000000000e+00
8.284490090875715751e-01 1.000000000000000000e+00
7.490542629973493717e-03 1.000000000000000000e+00
9.943086808514819963e-02 1.000000000000000000e+00
1.304636012551389612e+00 1.000000000000000000e+00
2.215095776528880123e+00 1.000000000000000000e+00
4.904420071750700827e-01 1.000000000000000000e+00
-2.508979194721416839e-02 1.000000000000000000e+00
-7.360086644935472100e-02 1.000000000000000000e+00
-4.422723967766693520e-01 1.000000000000000000e+00
7.119867556555943278e-01 1.000000000000000000e+00
-6.774665089084445924e-02 1.000000000000000000e+00
1.032246708331585605e-01 1.000000000000000000e+00
-1.585611088409410452e-01 1.000000000000000000e+00
2.496021944681878768e+00 1.000000000000000000e+00
2.215978809528798832e-01 1.000000000000000000e+00
1.262440378421231524e-01 1.000000000000000000e+00
-5.066912133786488637e-02 1.000000000000000000e+00
-1.969214874290788064e-01 1.000000000000000000e+00
8.529307461138264657e-01 1.000000000000000000e+00
