0.110134144 0.104577381
-0.049095477    -0.052320107
0.165004508 0.099419412
-0.014805503    -0.033362367
0.001140941 -0.004673399
-0.011940589    -0.0193394
-0.003410852    -0.005775204
0.058353093 0.023514332
0.931823258 0.928949631
-0.039718253    -0.041591255
-0.116569042    -0.1230109
0.157524102 0.076823584
-0.044314903    -0.065074903
-0.024866509    -0.030069087
-0.009926191    -0.020806302
0.00184506  -0.000623811
0.22907019  0.178198402
0.785147961 0.782458956
-0.066359868    -0.072280551
-0.112566658    -0.11621067
0.170228939 0.089279863
-0.00976842 -0.029354957
0.002627135 -0.003296754
-0.002206293    -0.010842058
-0.002521726    -0.00487077
0.056661159 0.013727187
0.84047752  0.837521359
