0.009074418 0.006838631
0.023158438 0.019529661
0.054783685 0.026038566
-0.006885397    -0.024488716
0.032173981 0.028675231
0.000719446 -0.000855189
-0.006787696    -0.007348108
0.060304468 0.043954912
0.666406662 0.665439159
-0.006622812    -0.01069506
0.015232377 0.014388698
0.059535873 0.03284333
-0.01664756 -0.03076843
0.028079154 0.02518769
0.002786768 0.001279649
-0.007105724    -0.007632368
0.074540631 0.060323204
0.676908271 0.675939528
-0.005241356    -0.007498997
0.014600393 0.010985049
0.094322162 0.064400579
-0.018797409    -0.03671818
0.03151751  0.028320483
0.001151625 -0.000407208
-0.00691642 -0.007508621
0.069311159 0.054771866
0.677228359 0.676261865
