9.099737684544811911e-02 1.000000000000000000e+00
-4.390004605956918798e-02 1.000000000000000000e+00
-5.492934815307370933e-01 1.000000000000000000e+00
-1.528356608476843403e+00 1.000000000000000000e+00
3.209134373439137544e-02 1.000000000000000000e+00
2.946959218265547409e-01 1.000000000000000000e+00
1.261285850953618171e-01 1.000000000000000000e+00
-1.263616240318368167e-01 1.000000000000000000e+00
9.132123598152628308e-01 1.000000000000000000e+00
-2.551889592711237970e-02 1.000000000000000000e+00
-2.369691778640337088e-02 1.000000000000000000e+00
-2.116422508108746492e-01 1.000000000000000000e+00
7.403584056546135272e-01 1.000000000000000000e+00
-1.884570300389760283e-02 1.000000000000000000e+00
-4.976884491089330065e-01 1.000000000000000000e+00
-6.017155323468062478e-02 1.000000000000000000e+00
7.139886368484366086e-02 1.000000000000000000e+00
7.527302950746106447e-01 1.000000000000000000e+00
-4.587416698280645522e-02 1.000000000000000000e+00
-8.859691798264135443e-02 1.000000000000000000e+00
-5.201280344579130993e-02 1.000000000000000000e+00
-9.440573903987580229e-01 1.000000000000000000e+00
-2.009336646157929562e-01 1.000000000000000000e+00
-6.829525995861354115e-01 1.000000000000000000e+00
1.244390138177942778e-01 1.000000000000000000e+00
5.113381505188921983e-01 1.000000000000000000e+00
6.525253819720056025e-01 1.000000000000000000e+00
