5.805432207877627565e-02 1.000000000000000000e+00
7.957593322560573001e-02 1.000000000000000000e+00
-2.613856116474965602e-02 1.000000000000000000e+00
2.236455902428478471e+00 1.000000000000000000e+00
4.089659812544754747e-01 1.000000000000000000e+00
6.534288655489429998e-02 1.000000000000000000e+00
-4.692383977696162195e-02 1.000000000000000000e+00
-2.909909727389204948e-01 1.000000000000000000e+00
8.720962207568898616e-01 1.000000000000000000e+00
7.924727978547355459e-03 1.000000000000000000e+00
1.010686673747651643e-01 1.000000000000000000e+00
4.608406601142360781e-01 1.000000000000000000e+00
1.535126778611760834e+00 1.000000000000000000e+00
5.201781329178282176e-01 1.000000000000000000e+00
-1.295666486350087118e-02 1.000000000000000000e+00
-7.513883684667352347e-02 1.000000000000000000e+00
-5.096253806459613012e-01 1.000000000000000000e+00
6.355630435848863558e-01 1.000000000000000000e+00
-4.409644596343027106e-02 1.000000000000000000e+00
8.767860427351564789e-02 1.000000000000000000e+00
-4.387549425518664226e-01 1.000000000000000000e+00
4.312304427766079584e+00 1.000000000000000000e+00
1.601891344307029286e-01 1.000000000000000000e+00
6.618073439671504077e-02 1.000000000000000000e+00
-1.075779831151442989e-01 1.000000000000000000e+00
-3.951325083887308742e-01 1.000000000000000000e+00
6.574313716229823745e-01 1.000000000000000000e+00
