0.033964774 0.031709554
0.069250684 0.067870354
0.190468219 0.171106147
-0.125206803    -0.137424082
0.002918726 0.001201817
-0.000757729    -0.001069194
-0.012044171    -0.012362815
-0.056650034    -0.060517528
0.926438739 0
-0.00149899 -0.002195413
0.116866917 0.114651534
0.136591734 0.117944698
-0.142301574    -0.149779752
-0.00057504 -0.002033087
-0.001778745    -0.002092021
-0.011833777    -0.012047409
-0.040709097    -0.044506665
0.964611158 0
-0.040875488    -0.043169954
0.081855832 0.08047052
0.176317898 0.157058084
-0.153883784    -0.166282917
-0.002349256    -0.004011947
-0.001438514    -0.001761406
-0.011754352    -0.012087832
-0.047662359    -0.051209077
0.920348856 0
