       0.0000000       0.0000000
       1.0000000       0.0000000
       2.0000000       0.0000000
       3.0000000       0.0000000
       4.0000000       0.0000000
       5.0000000       0.0000000
       6.0000000       0.0000000
       7.0000000       0.0000000
       8.0000000       0.0000000
       9.0000000       0.0000000
       10.000000    0.0065699582
       11.000000     0.012848457
       12.000000     0.016491937
       13.000000     0.018080459
       14.000000     0.018047633
       15.000000     0.016720616
       16.000000     0.014347227
       17.000000     0.011116197
       18.000000    0.0080378386
       19.000000    0.0053254576
       20.000000    0.0030532915
       21.000000    0.0012332871
       22.000000       0.0000000
       23.000000       0.0000000
       24.000000       0.0000000
       25.000000       0.0000000
       26.000000       0.0000000
       27.000000       0.0000000
       28.000000       0.0000000
       29.000000       0.0000000
       30.000000       0.0000000
       31.000000       0.0000000
       32.000000       0.0000000
       33.000000       0.0000000
       34.000000       0.0000000
       35.000000       0.0000000
       36.000000       0.0000000
       37.000000       0.0000000
       38.000000       0.0000000
       39.000000       0.0000000
       40.000000       0.0000000
       41.000000   6.8593189e-05
       42.000000   0.00021462167
       43.000000   0.00038126638
       44.000000   0.00056930553
       45.000000   0.00077936573
       46.000000    0.0010099732
       47.000000    0.0012612368
       48.000000    0.0015317714
       49.000000    0.0018213925
       50.000000    0.0021305411
       51.000000    0.0024585569
       52.000000    0.0028040170
       53.000000    0.0031656080
       54.000000    0.0035411628
       55.000000    0.0039307342
       56.000000    0.0043329036
       57.000000    0.0047461045
       58.000000    0.0051676153
       59.000000    0.0055949122
       60.000000    0.0060261618
       61.000000    0.0064602634
       62.000000    0.0068957813
       63.000000    0.0073333410
       64.000000    0.0077714370
       65.000000    0.0082093971
       66.000000    0.0086464623
       67.000000    0.0090819672
       68.000000    0.0095156469
       69.000000    0.0099476577
       70.000000     0.010377380
       71.000000     0.010803674
       72.000000     0.011224165
       73.000000     0.011637863
       74.000000     0.012042418
       75.000000     0.012437196
       76.000000     0.012823014
       77.000000     0.013199827
       78.000000     0.013566355
       79.000000     0.013923643
       80.000000     0.014272906
       81.000000     0.014614776
       82.000000     0.014949193
       83.000000     0.015277912
       84.000000     0.015600777
       85.000000     0.015917823
       86.000000     0.016228449
       87.000000     0.016532750
       88.000000     0.016828107
       89.000000     0.017112540
       90.000000     0.017384168
       91.000000     0.017642566
       92.000000     0.017886866
       93.000000     0.018116626
       94.000000     0.018329698
       95.000000     0.018524626
       96.000000     0.018700083
       97.000000     0.018857282
       98.000000     0.018996407
       99.000000     0.019119411
       100.00000     0.019227574
       101.00000     0.019320987
       102.00000     0.019400439
       103.00000     0.019467546
       104.00000     0.019525382
       105.00000     0.019576863
       106.00000     0.019623327
       107.00000     0.019666899
       108.00000     0.019708092
       109.00000     0.019747570
       110.00000     0.019786074
       111.00000     0.019824234
       112.00000     0.019863148
       113.00000     0.019902589
       114.00000     0.019941986
       115.00000     0.019981135
       116.00000     0.020019960
       117.00000     0.020059369
       118.00000     0.020098546
       119.00000     0.020137748
       120.00000     0.020177160
       121.00000     0.020216193
       122.00000     0.020253625
       123.00000     0.020289357
       124.00000     0.020322547
       125.00000     0.020353170
       126.00000     0.020380040
       127.00000     0.020404288
       128.00000     0.020427226
       129.00000     0.020449813
       130.00000     0.020473104
       131.00000     0.020498430
       132.00000     0.020526015
       133.00000     0.020556595
       134.00000     0.020589239
       135.00000     0.020623249
       136.00000     0.020657103
       137.00000     0.020688984
       138.00000     0.020715804
       139.00000     0.020735051
       140.00000     0.020745074
       141.00000     0.020745412
       142.00000     0.020735696
       143.00000     0.020716946
       144.00000     0.020690998
       145.00000     0.020659098
       146.00000     0.020620944
       147.00000     0.020578626
       148.00000     0.020531310
       149.00000     0.020484629
       150.00000     0.020439159
       151.00000     0.020395368
       152.00000     0.020348756
       153.00000     0.020297503
       154.00000     0.020242285
       155.00000     0.020185322
       156.00000     0.020128618
       157.00000     0.020077945
       158.00000     0.020018920
       159.00000     0.019943882
       160.00000     0.019845761
       161.00000     0.019729623
       162.00000     0.019596429
       163.00000     0.019442620
       164.00000     0.019264955
       165.00000     0.019057802
       166.00000     0.018815174
       167.00000     0.018549685
       168.00000     0.018273360
       169.00000     0.017998071
       170.00000     0.017724949
       171.00000     0.017454387
       172.00000     0.017188140
       173.00000     0.016929447
       174.00000     0.016685795
       175.00000     0.016463769
       176.00000     0.016264265
       177.00000     0.016087894
       178.00000     0.015934581
       179.00000     0.015804633
       180.00000     0.015698152
       181.00000     0.015618623
       182.00000     0.015562047
       183.00000     0.015521075
       184.00000     0.015487710
       185.00000     0.015461204
       186.00000     0.015438640
       187.00000     0.015414726
       188.00000     0.015385732
       189.00000     0.015349827
       190.00000     0.015298499
       191.00000     0.015232069
       192.00000     0.015150116
       193.00000     0.015058783
       194.00000     0.014951345
       195.00000     0.014817113
       196.00000     0.014649674
       197.00000     0.014444731
       198.00000     0.014200860
       199.00000     0.013924698
       200.00000     0.013620723
       201.00000     0.013295906
       202.00000     0.012944844
       203.00000     0.012569315
       204.00000     0.012177806
       205.00000     0.011779663
       206.00000     0.011387419
       207.00000     0.011009335
       208.00000     0.010649832
       209.00000     0.010309402
       210.00000    0.0099882315
       211.00000    0.0096948194
       212.00000    0.0094353166
       213.00000    0.0092156898
       214.00000    0.0090384232
       215.00000    0.0088969360
       216.00000    0.0087859398
       217.00000    0.0086995639
       218.00000    0.0086372915
       219.00000    0.0085970828
       220.00000    0.0085747339
       221.00000    0.0085665518
       222.00000    0.0085658788
       223.00000    0.0085681037
       224.00000    0.0085728336
       225.00000    0.0085793603
       226.00000    0.0085887403
       227.00000    0.0085988918
       228.00000    0.0086086349
       229.00000    0.0086163720
       230.00000    0.0086223408
       231.00000    0.0086276255
       232.00000    0.0086314415
       233.00000    0.0086338590
       234.00000    0.0086365467
       235.00000    0.0086392452
       236.00000    0.0086422045
       237.00000    0.0086458591
       238.00000    0.0086520779
       239.00000    0.0086607018
       240.00000    0.0086713134
       241.00000    0.0086854460
       242.00000    0.0087043601
       243.00000    0.0087274978
       244.00000    0.0087549004
       245.00000    0.0087869172
       246.00000    0.0088221380
       247.00000    0.0088583784
       248.00000    0.0088943654
       249.00000    0.0089291780
       250.00000    0.0089617085
       251.00000    0.0089898420
       252.00000    0.0090121415
       253.00000    0.0090275426
       254.00000    0.0090341639
       255.00000    0.0090330029
       256.00000    0.0090249329
       257.00000    0.0090107527
       258.00000    0.0089923394
       259.00000    0.0089693007
       260.00000    0.0089425054
       261.00000    0.0089131538
       262.00000    0.0088831033
       263.00000    0.0088547269
       264.00000    0.0088288892
       265.00000    0.0088066828
       266.00000    0.0087889180
       267.00000    0.0087749223
       268.00000    0.0087656533
       269.00000    0.0087612830
       270.00000    0.0087614484
       271.00000    0.0087648872
       272.00000    0.0087706579
       273.00000    0.0087780753
       274.00000    0.0087863227
       275.00000    0.0087949105
       276.00000    0.0088032396
       277.00000    0.0088105434
       278.00000    0.0088165404
       279.00000    0.0088211485
       280.00000    0.0088242010
       281.00000    0.0088251006
       282.00000    0.0088232002
       283.00000    0.0088174897
       284.00000    0.0088070873
       285.00000    0.0087923987
       286.00000    0.0087742406
       287.00000    0.0087538956
       288.00000    0.0087318371
       289.00000    0.0087086187
       290.00000    0.0086850880
       291.00000    0.0086623284
       292.00000    0.0086424406
       293.00000    0.0086270027
       294.00000    0.0086163424
       295.00000    0.0086098315
       296.00000    0.0086057256
       297.00000    0.0086032612
       298.00000    0.0086020489
       299.00000    0.0086012389
       300.00000    0.0085994824
       301.00000    0.0085946252
       302.00000    0.0085855657
       303.00000    0.0085721619
       304.00000    0.0085544692
       305.00000    0.0085333288
       306.00000    0.0085097826
       307.00000    0.0084838693
       308.00000    0.0084560991
       309.00000    0.0084274273
       310.00000    0.0083993025
       311.00000    0.0083715367
       312.00000    0.0083434516
       313.00000    0.0083152150
       314.00000    0.0082865443
       315.00000    0.0082569212
       316.00000    0.0082271549
       317.00000    0.0081981200
       318.00000    0.0081700576
       319.00000    0.0081425328
       320.00000    0.0081158648
       321.00000    0.0080914536
       322.00000    0.0080702219
       323.00000    0.0080529096
       324.00000    0.0080391423
       325.00000    0.0080284355
       326.00000    0.0080195978
       327.00000    0.0080113594
       328.00000    0.0080033904
       329.00000    0.0079957956
       330.00000    0.0079867429
       331.00000    0.0079745840
       332.00000    0.0079587601
       333.00000    0.0079400477
       334.00000    0.0079185167
       335.00000    0.0078947255
       336.00000    0.0078701529
       337.00000    0.0078456571
       338.00000    0.0078214166
       339.00000    0.0077983043
       340.00000    0.0077771804
       341.00000    0.0077581549
       342.00000    0.0077408161
       343.00000    0.0077244498
       344.00000    0.0077087483
       345.00000    0.0076927505
       346.00000    0.0076753755
       347.00000    0.0076562285
       348.00000    0.0076358822
       349.00000    0.0076142170
       350.00000    0.0075909919
       351.00000    0.0075665143
       352.00000    0.0075420284
       353.00000    0.0075186810
       354.00000    0.0074967165
       355.00000    0.0074766768
       356.00000    0.0074589668
       357.00000    0.0074430662
       358.00000    0.0074284359
       359.00000    0.0074146358
       360.00000    0.0074012160
       361.00000    0.0073875400
       362.00000    0.0073722334
       363.00000    0.0073562891
       364.00000    0.0073407818
       365.00000    0.0073258691
       366.00000    0.0073116898
       367.00000    0.0072993862
       368.00000    0.0072900131
       369.00000    0.0072839807
       370.00000    0.0072806237
       371.00000    0.0072800401
       372.00000    0.0072808521
       373.00000    0.0072818110
       374.00000    0.0072823151
       375.00000    0.0072817911
       376.00000    0.0072794493
       377.00000    0.0072742636
       378.00000    0.0072654823
       379.00000    0.0072537138
       380.00000    0.0072392923
       381.00000    0.0072225175
       382.00000    0.0072029220
       383.00000    0.0071810817
       384.00000    0.0071579385
       385.00000    0.0071335896
       386.00000    0.0071083632
       387.00000    0.0070828739
       388.00000    0.0070576775
       389.00000    0.0070328560
       390.00000    0.0070085860
       391.00000    0.0069861358
       392.00000    0.0069650824
       393.00000    0.0069448396
       394.00000    0.0069257672
       395.00000    0.0069086065
       396.00000    0.0068934610
       397.00000    0.0068792760
       398.00000    0.0068663404
       399.00000    0.0068547052
       400.00000    0.0068438520
       401.00000    0.0068343125
       402.00000    0.0068254031
       403.00000    0.0068167140
       404.00000    0.0068076035
       405.00000    0.0067976327
       406.00000    0.0067875937
       407.00000    0.0067762564
       408.00000    0.0067632443
       409.00000    0.0067481395
       410.00000    0.0067297787
       411.00000    0.0067087378
       412.00000    0.0066851816
       413.00000    0.0066589663
       414.00000    0.0066301774
       415.00000    0.0065989383
       416.00000    0.0065666974
       417.00000    0.0065337621
       418.00000    0.0065002141
       419.00000    0.0064674062
       420.00000    0.0064363454
       421.00000    0.0064070074
       422.00000    0.0063800920
       423.00000    0.0063558520
       424.00000    0.0063333555
       425.00000    0.0063114646
       426.00000    0.0062904222
       427.00000    0.0062706572
       428.00000    0.0062513843
       429.00000    0.0062317466
       430.00000    0.0062116827
       431.00000    0.0061905315
       432.00000    0.0061687426
       433.00000    0.0061471712
       434.00000    0.0061261431
       435.00000    0.0061057251
       436.00000    0.0060861580
       437.00000    0.0060681123
       438.00000    0.0060521103
       439.00000    0.0060380182
       440.00000    0.0060260367
       441.00000    0.0060150383
       442.00000    0.0060043035
       443.00000    0.0059942474
       444.00000    0.0059846930
       445.00000    0.0059749582
       446.00000    0.0059644448
       447.00000    0.0059523110
       448.00000    0.0059389847
       449.00000    0.0059240334
       450.00000    0.0059082778
       451.00000    0.0058929688
       452.00000    0.0058778979
       453.00000    0.0058628028
       454.00000    0.0058478033
       455.00000    0.0058326900
       456.00000    0.0058178438
       457.00000    0.0058031206
       458.00000    0.0057895252
       459.00000    0.0057766969
       460.00000    0.0057633263
       461.00000    0.0057494862
       462.00000    0.0057351984
       463.00000    0.0057207870
       464.00000    0.0057066019
       465.00000    0.0056925153
       466.00000    0.0056784282
       467.00000    0.0056636691
       468.00000    0.0056483160
       469.00000    0.0056328014
       470.00000    0.0056169425
       471.00000    0.0056009537
       472.00000    0.0055845610
       473.00000    0.0055677312
       474.00000    0.0055506748
       475.00000    0.0055335401
       476.00000    0.0055165149
       477.00000    0.0054996228
       478.00000    0.0054829444
       479.00000    0.0054664748
       480.00000    0.0054501734
       481.00000    0.0054341684
       482.00000    0.0054183975
       483.00000    0.0054028565
       484.00000    0.0053874144
       485.00000    0.0053719759
       486.00000    0.0053565332
       487.00000    0.0053409598
       488.00000    0.0053253977
       489.00000    0.0053097680
       490.00000    0.0052938847
       491.00000    0.0052779024
       492.00000    0.0052616812
       493.00000    0.0052451673
       494.00000    0.0052284261
       495.00000    0.0052115692
       496.00000    0.0051948011
       497.00000    0.0051780391
       498.00000    0.0051613676
       499.00000    0.0051452036
       500.00000    0.0051294929
       501.00000    0.0051142282
       502.00000    0.0050994027
       503.00000    0.0050848269
       504.00000    0.0050702609
       505.00000    0.0050554713
       506.00000    0.0050404696
       507.00000    0.0050251063
       508.00000    0.0050090489
       509.00000    0.0049922434
       510.00000    0.0049747857
       511.00000    0.0049569372
       512.00000    0.0049389630
       513.00000    0.0049210917
       514.00000    0.0049035985
       515.00000    0.0048866039
       516.00000    0.0048703780
       517.00000    0.0048549187
       518.00000    0.0048401819
       519.00000    0.0048260634
       520.00000    0.0048122186
       521.00000    0.0047985204
       522.00000    0.0047849063
       523.00000    0.0047710546
       524.00000    0.0047568267
       525.00000    0.0047419466
       526.00000    0.0047265730
       527.00000    0.0047109341
       528.00000    0.0046951535
       529.00000    0.0046793542
       530.00000    0.0046635791
       531.00000    0.0046477359
       532.00000    0.0046319933
       533.00000    0.0046163733
       534.00000    0.0046009986
       535.00000    0.0045858676
       536.00000    0.0045708380
       537.00000    0.0045559060
       538.00000    0.0045411557
       539.00000    0.0045265922
       540.00000    0.0045123910
       541.00000    0.0044986691
       542.00000    0.0044855221
       543.00000    0.0044730331
       544.00000    0.0044610118
       545.00000    0.0044494114
       546.00000    0.0044382409
       547.00000    0.0044273809
       548.00000    0.0044167831
       549.00000    0.0044062956
       550.00000    0.0043956822
       551.00000    0.0043847970
       552.00000    0.0043734572
       553.00000    0.0043617795
       554.00000    0.0043496579
       555.00000    0.0043370411
       556.00000    0.0043240298
       557.00000    0.0043105369
       558.00000    0.0042966491
       559.00000    0.0042825583
       560.00000    0.0042683815
       561.00000    0.0042542142
       562.00000    0.0042400518
       563.00000    0.0042262191
       564.00000    0.0042126176
       565.00000    0.0041992187
       566.00000    0.0041861934
       567.00000    0.0041734367
       568.00000    0.0041608426
       569.00000    0.0041482879
       570.00000    0.0041358037
       571.00000    0.0041233951
       572.00000    0.0041107818
       573.00000    0.0040980504
       574.00000    0.0040851436
       575.00000    0.0040719754
       576.00000    0.0040586671
       577.00000    0.0040452917
       578.00000    0.0040319531
       579.00000    0.0040185979
       580.00000    0.0040052442
       581.00000    0.0039921185
       582.00000    0.0039793733
       583.00000    0.0039671711
       584.00000    0.0039555127
       585.00000    0.0039443275
       586.00000    0.0039335116
       587.00000    0.0039228858
       588.00000    0.0039123322
       589.00000    0.0039018083
       590.00000    0.0038910740
       591.00000    0.0038798908
       592.00000    0.0038679969
       593.00000    0.0038553791
       594.00000    0.0038419677
       595.00000    0.0038278486
       596.00000    0.0038134042
       597.00000    0.0037990349
       598.00000    0.0037847364
       599.00000    0.0037705917
       600.00000    0.0037566234
       601.00000    0.0037430295
       602.00000    0.0037298035
       603.00000    0.0037171339
       604.00000    0.0037049744
       605.00000    0.0036930581
       606.00000    0.0036810891
       607.00000    0.0036691255
       608.00000    0.0036573002
       609.00000    0.0036457759
       610.00000    0.0036344174
       611.00000    0.0036232312
       612.00000    0.0036119814
       613.00000    0.0036007570
       614.00000    0.0035895510
       615.00000    0.0035783524
       616.00000    0.0035670317
       617.00000    0.0035555015
       618.00000    0.0035437528
       619.00000    0.0035319310
       620.00000    0.0035200681
       621.00000    0.0035084938
       622.00000    0.0034971581
       623.00000    0.0034861465
       624.00000    0.0034754784
       625.00000    0.0034653273
       626.00000    0.0034556188
       627.00000    0.0034460876
       628.00000    0.0034366016
       629.00000    0.0034272181
       630.00000    0.0034176710
       631.00000    0.0034079620
       632.00000    0.0033980284
       633.00000    0.0033879188
       634.00000    0.0033776672
       635.00000    0.0033675077
       636.00000    0.0033577501
       637.00000    0.0033484793
       638.00000    0.0033397182
       639.00000    0.0033316028
       640.00000    0.0033240742
       641.00000    0.0033171442
       642.00000    0.0033108610
       643.00000    0.0033049437
       644.00000    0.0032991817
       645.00000    0.0032933914
       646.00000    0.0032877098
       647.00000    0.0032818847
       648.00000    0.0032758132
       649.00000    0.0032695236
       650.00000    0.0032631128
       651.00000    0.0032564453
       652.00000    0.0032496829
       653.00000    0.0032427340
       654.00000    0.0032357074
       655.00000    0.0032282594
       656.00000    0.0032205147
       657.00000    0.0032124407
       658.00000    0.0032041545
       659.00000    0.0031954746
       660.00000    0.0031864016
       661.00000    0.0031769355
       662.00000    0.0031673168
       663.00000    0.0031575003
       664.00000    0.0031477374
       665.00000    0.0031382414
       666.00000    0.0031291845
       667.00000    0.0031204385
       668.00000    0.0031121048
       669.00000    0.0031042824
       670.00000    0.0030970161
       671.00000    0.0030901876
       672.00000    0.0030838362
       673.00000    0.0030779407
       674.00000    0.0030721906
       675.00000    0.0030663482
       676.00000    0.0030602877
       677.00000    0.0030538417
       678.00000    0.0030468112
       679.00000    0.0030391289
       680.00000    0.0030307725
       681.00000    0.0030217261
       682.00000    0.0030120985
       683.00000    0.0030022112
       684.00000    0.0029922594
       685.00000    0.0029824859
       686.00000    0.0029730941
       687.00000    0.0029643342
       688.00000    0.0029562761
       689.00000    0.0029489442
       690.00000    0.0029423351
       691.00000    0.0029362158
       692.00000    0.0029302616
       693.00000    0.0029245076
       694.00000    0.0029188516
       695.00000    0.0029132576
       696.00000    0.0029076373
       697.00000    0.0029018102
       698.00000    0.0028959064
       699.00000    0.0028898131
       700.00000    0.0028836301
       701.00000    0.0028776641
       702.00000    0.0028718681
       703.00000    0.0028662333
       704.00000    0.0028608137
       705.00000    0.0028556075
       706.00000    0.0028507880
       707.00000    0.0028460207
       708.00000    0.0028414623
       709.00000    0.0028370311
       710.00000    0.0028322686
       711.00000    0.0028268394
       712.00000    0.0028206264
       713.00000    0.0028134642
       714.00000    0.0028052530
       715.00000    0.0027960047
       716.00000    0.0027860425
       717.00000    0.0027752993
       718.00000    0.0027637159
       719.00000    0.0027516080
       720.00000    0.0027394327
       721.00000    0.0027274800
       722.00000    0.0027157818
       723.00000    0.0027044657
       724.00000    0.0026935217
       725.00000    0.0026827356
       726.00000    0.0026718752
       727.00000    0.0026610978
       728.00000    0.0026504336
       729.00000    0.0026397563
       730.00000    0.0026287861
       731.00000    0.0026177834
       732.00000    0.0026068155
       733.00000    0.0025957280
       734.00000    0.0025846330
       735.00000    0.0025739157
       736.00000    0.0025636079
       737.00000    0.0025536685
       738.00000    0.0025439242
       739.00000    0.0025345306
       740.00000    0.0025251990
       741.00000    0.0025158265
       742.00000    0.0025064395
       743.00000    0.0024970013
       744.00000    0.0024873570
       745.00000    0.0024773904
       746.00000    0.0024670294
       747.00000    0.0024563791
       748.00000    0.0024456074
       749.00000    0.0024348558
       750.00000    0.0024241574
       751.00000    0.0024138084
       752.00000    0.0024039179
       753.00000    0.0023944189
       754.00000    0.0023854101
       755.00000    0.0023769469
       756.00000    0.0023691726
       757.00000    0.0023617687
       758.00000    0.0023546026
       759.00000    0.0023476763
       760.00000    0.0023406169
       761.00000    0.0023333047
       762.00000    0.0023258951
       763.00000    0.0023182529
       764.00000    0.0023103923
       765.00000    0.0023022022
       766.00000    0.0022938171
       767.00000    0.0022853408
       768.00000    0.0022766577
       769.00000    0.0022680283
       770.00000    0.0022595364
       771.00000    0.0022509958
       772.00000    0.0022424429
       773.00000    0.0022337960
       774.00000    0.0022250047
       775.00000    0.0022159932
       776.00000    0.0022067860
       777.00000    0.0021975137
       778.00000    0.0021880212
       779.00000    0.0021780237
       780.00000    0.0021675199
       781.00000    0.0021566355
       782.00000    0.0021454632
       783.00000    0.0021338760
       784.00000    0.0021218577
       785.00000    0.0021092824
       786.00000    0.0020961200
       787.00000    0.0020822803
       788.00000    0.0020681615
       789.00000    0.0020539887
       790.00000    0.0020397239
       791.00000    0.0020253397
       792.00000    0.0020111234
       793.00000    0.0019972506
       794.00000    0.0019838489
       795.00000    0.0019709152
       796.00000    0.0019587316
       797.00000    0.0019472248
       798.00000    0.0019362613
       799.00000    0.0019257977
       800.00000    0.0019158557
       801.00000    0.0019064384
       802.00000    0.0018975198
       803.00000    0.0018890270
       804.00000    0.0018808044
       805.00000    0.0018728516
       806.00000    0.0018651159
       807.00000    0.0018579042
       808.00000    0.0018514063
       809.00000    0.0018458746
       810.00000    0.0018412949
       811.00000    0.0018374978
       812.00000    0.0018345421
       813.00000    0.0018327963
       814.00000    0.0018320726
       815.00000    0.0018323398
       816.00000    0.0018331015
       817.00000    0.0018341279
       818.00000    0.0018350142
       819.00000    0.0018354329
       820.00000    0.0018354427
       821.00000    0.0018351598
       822.00000    0.0018342549
       823.00000    0.0018327971
       824.00000    0.0018307245
       825.00000    0.0018283029
       826.00000    0.0018255009
       827.00000    0.0018222785
       828.00000    0.0018189999
       829.00000    0.0018157726
       830.00000    0.0018122377
       831.00000    0.0018082365
       832.00000    0.0018036535
       833.00000    0.0017983517
       834.00000    0.0017920574
       835.00000    0.0017848029
       836.00000    0.0017769052
       837.00000    0.0017680463
       838.00000    0.0017580723
       839.00000    0.0017472649
       840.00000    0.0017361116
       841.00000    0.0017248261
       842.00000    0.0017136605
       843.00000    0.0017028046
       844.00000    0.0016922860
       845.00000    0.0016818787
       846.00000    0.0016717017
       847.00000    0.0016619104
       848.00000    0.0016524002
       849.00000    0.0016429216
       850.00000    0.0016332268
       851.00000    0.0016233316
       852.00000    0.0016134280
       853.00000    0.0016034125
       854.00000    0.0015933425
       855.00000    0.0015834312
       856.00000    0.0015735918
       857.00000    0.0015639354
       858.00000    0.0015544593
       859.00000    0.0015453911
       860.00000    0.0015365406
       861.00000    0.0015274994
       862.00000    0.0015185049
       863.00000    0.0015097095
       864.00000    0.0015008672
       865.00000    0.0014919253
       866.00000    0.0014828071
       867.00000    0.0014736926
       868.00000    0.0014645842
       869.00000    0.0014558735
       870.00000    0.0014478748
       871.00000    0.0014404840
       872.00000    0.0014335388
       873.00000    0.0014271368
       874.00000    0.0014214442
       875.00000    0.0014164360
       876.00000    0.0014118665
       877.00000    0.0014075543
       878.00000    0.0014031872
       879.00000    0.0013986622
       880.00000    0.0013940564
       881.00000    0.0013893966
       882.00000    0.0013846366
       883.00000    0.0013796388
       884.00000    0.0013745375
       885.00000    0.0013693685
       886.00000    0.0013641907
       887.00000    0.0013588117
       888.00000    0.0013532621
       889.00000    0.0013473950
       890.00000    0.0013411553
       891.00000    0.0013346127
       892.00000    0.0013278133
       893.00000    0.0013205285
       894.00000    0.0013128890
       895.00000    0.0013049680
       896.00000    0.0012971898
       897.00000    0.0012895775
       898.00000    0.0012820625
       899.00000    0.0012746073
       900.00000    0.0012671366
       901.00000    0.0012596322
       902.00000    0.0012520580
       903.00000    0.0012441368
       904.00000    0.0012357199
       905.00000    0.0012265434
       906.00000    0.0012164896
       907.00000    0.0012056957
       908.00000    0.0011944101
       909.00000    0.0011827974
       910.00000    0.0011709458
       911.00000    0.0011591684
       912.00000    0.0011478857
       913.00000    0.0011373867
       914.00000    0.0011277525
       915.00000    0.0011191143
       916.00000    0.0011116308
       917.00000    0.0011051635
       918.00000    0.0010996143
       919.00000    0.0010948367
       920.00000    0.0010907652
       921.00000    0.0010871777
       922.00000    0.0010838747
       923.00000    0.0010809212
       924.00000    0.0010784402
       925.00000    0.0010763080
       926.00000    0.0010744874
       927.00000    0.0010730147
       928.00000    0.0010719890
       929.00000    0.0010713817
       930.00000    0.0010713173
       931.00000    0.0010717047
       932.00000    0.0010725619
       933.00000    0.0010738994
       934.00000    0.0010757344
       935.00000    0.0010783562
       936.00000    0.0010816779
       937.00000    0.0010857387
       938.00000    0.0010904549
       939.00000    0.0010955871
       940.00000    0.0011013874
       941.00000    0.0011079309
       942.00000    0.0011147879
       943.00000    0.0011218380
       944.00000    0.0011286898
       945.00000    0.0011353741
       946.00000    0.0011417053
       947.00000    0.0011475746
       948.00000    0.0011531108
       949.00000    0.0011581257
       950.00000    0.0011621854
       951.00000    0.0011654317
       952.00000    0.0011678217
       953.00000    0.0011693788
       954.00000    0.0011698277
       955.00000    0.0011692541
       956.00000    0.0011676871
       957.00000    0.0011649915
       958.00000    0.0011609634
       959.00000    0.0011557027
       960.00000    0.0011494978
       961.00000    0.0011425334
       962.00000    0.0011350028
       963.00000    0.0011273171
       964.00000    0.0011193311
       965.00000    0.0011111998
       966.00000    0.0011031870
       967.00000    0.0010956811
       968.00000    0.0010888494
       969.00000    0.0010823122
       970.00000    0.0010758641
       971.00000    0.0010693586
       972.00000    0.0010625818
       973.00000    0.0010559346
       974.00000    0.0010494686
       975.00000    0.0010430408
       976.00000    0.0010364399
       977.00000    0.0010297649
       978.00000    0.0010232995
       979.00000    0.0010171232
       980.00000    0.0010112730
       981.00000    0.0010057293
       982.00000    0.0010003088
       983.00000   0.00099482101
       984.00000   0.00098923204
       985.00000   0.00098373494
       986.00000   0.00097825442
       987.00000   0.00097269760
       988.00000   0.00096709825
       989.00000   0.00096146582
       990.00000   0.00095605790
       991.00000   0.00095079020
       992.00000   0.00094567436
       993.00000   0.00094074138
       994.00000   0.00093590799
       995.00000   0.00093110264
       996.00000   0.00092633048
       997.00000   0.00092149328
       998.00000   0.00091644194
       999.00000   0.00091102706
       1000.0000   0.00090524992
       1001.0000   0.00089911159
       1002.0000   0.00089254543
       1003.0000   0.00088539489
       1004.0000   0.00087773156
       1005.0000   0.00086966526
       1006.0000   0.00086126671
       1007.0000   0.00085263685
       1008.0000   0.00084366780
       1009.0000   0.00083401065
       1010.0000   0.00082362255
       1011.0000   0.00081265745
       1012.0000   0.00080085215
       1013.0000   0.00078801769
       1014.0000   0.00077387665
       1015.0000   0.00075860295
       1016.0000   0.00074246075
       1017.0000   0.00072553451
       1018.0000   0.00070848018
       1019.0000   0.00069155299
       1020.0000   0.00067469904
       1021.0000   0.00065838927
       1022.0000   0.00064288448
       1023.0000   0.00062839501
       1024.0000   0.00061471478
       1025.0000   0.00060156210
       1026.0000   0.00058889030
       1027.0000   0.00057641600
       1028.0000   0.00056410719
       1029.0000   0.00055180553
       1030.0000   0.00053968403
       1031.0000   0.00052769725
       1032.0000   0.00051590104
       1033.0000   0.00050458782
       1034.0000   0.00049393180
       1035.0000   0.00048406502
       1036.0000   0.00047518866
       1037.0000   0.00046718850
       1038.0000   0.00046022182
       1039.0000   0.00045388641
       1040.0000   0.00044812407
       1041.0000   0.00044267644
       1042.0000   0.00043705931
       1043.0000   0.00043108545
       1044.0000   0.00042465127
       1045.0000   0.00041776750
       1046.0000   0.00041035954
       1047.0000   0.00040245818
       1048.0000   0.00039438623
       1049.0000   0.00038613827
       1050.0000   0.00037789683
       1051.0000   0.00037010918
       1052.0000   0.00036295044
       1053.0000   0.00035641262
       1054.0000   0.00035008166
       1055.0000   0.00034421385
       1056.0000   0.00033891444
       1057.0000   0.00033415437
       1058.0000   0.00032997790
       1059.0000   0.00032646028
       1060.0000   0.00032346911
       1061.0000   0.00032079591
       1062.0000   0.00031857406
       1063.0000   0.00031704646
       1064.0000   0.00031597900
       1065.0000   0.00031518345
       1066.0000   0.00031449835
       1067.0000   0.00031396881
       1068.0000   0.00031330399
       1069.0000   0.00031223017
       1070.0000   0.00031084609
       1071.0000   0.00030920477
       1072.0000   0.00030710230
       1073.0000   0.00030455078
       1074.0000   0.00030158593
       1075.0000   0.00029792677
       1076.0000   0.00029323410
       1077.0000   0.00028778276
       1078.0000   0.00028179066
       1079.0000   0.00027536473
       1080.0000   0.00026813937
       1081.0000   0.00026040279
       1082.0000   0.00025223912
       1083.0000   0.00024349147
       1084.0000   0.00023474091
       1085.0000   0.00022670281
       1086.0000   0.00021933708
       1087.0000   0.00021273222
       1088.0000   0.00020667435
       1089.0000   0.00020133274
       1090.0000   0.00019647155
       1091.0000   0.00019190299
       1092.0000   0.00018801758
       1093.0000   0.00018456257
       1094.0000   0.00018085988
       1095.0000   0.00017686337
       1096.0000   0.00017240390
       1097.0000   0.00016793917
       1098.0000   0.00016357994
       1099.0000   0.00015958556
       1100.0000   0.00015619184
       1101.0000   0.00015290462
       1102.0000   0.00014915027
       1103.0000   0.00014509255
       1104.0000   0.00014072804
       1105.0000   0.00013637817
       1106.0000   0.00013177566
       1107.0000   0.00012671859
       1108.0000   0.00012104820
       1109.0000   0.00011485255
       1110.0000   0.00010863709
       1111.0000   0.00010316160
       1112.0000   9.8543777e-05
       1113.0000   9.5019170e-05
       1114.0000   9.2088487e-05
       1115.0000   8.9418916e-05
       1116.0000   8.7250181e-05
       1117.0000   8.5751116e-05
       1118.0000   8.4639561e-05
       1119.0000   8.3609183e-05
       1120.0000   8.2520373e-05
       1121.0000   8.1296116e-05
       1122.0000   7.9504897e-05
       1123.0000   7.7423085e-05
       1124.0000   7.5313211e-05
       1125.0000   7.3153343e-05
       1126.0000   7.0821796e-05
       1127.0000   6.8359492e-05
       1128.0000   6.5677840e-05
       1129.0000   6.2692272e-05
       1130.0000   5.9561920e-05
       1131.0000   5.6630125e-05
       1132.0000   5.3831398e-05
       1133.0000   5.1285427e-05
       1134.0000   4.8607515e-05
       1135.0000   4.5648282e-05
       1136.0000   4.2494977e-05
       1137.0000   3.9353724e-05
       1138.0000   3.6418463e-05
       1139.0000   3.3627062e-05
       1140.0000   3.0723610e-05
       1141.0000   2.8099832e-05
       1142.0000   2.5562157e-05
       1143.0000   2.3595695e-05
       1144.0000   2.2326337e-05
       1145.0000   2.1810840e-05
       1146.0000   2.2004702e-05
       1147.0000   2.2812726e-05
       1148.0000   2.4133166e-05
       1149.0000   2.6023898e-05
       1150.0000   2.8171862e-05
       1151.0000   3.0483156e-05
       1152.0000   3.2567824e-05
       1153.0000   3.4293520e-05
       1154.0000   3.5461628e-05
       1155.0000   3.6149631e-05
       1156.0000   3.5948423e-05
       1157.0000   3.4858531e-05
       1158.0000   3.3197553e-05
       1159.0000   3.0828322e-05
       1160.0000   2.8409558e-05
       1161.0000   2.6399870e-05
       1162.0000   2.4997421e-05
       1163.0000   2.4277791e-05
       1164.0000   2.3882349e-05
       1165.0000   2.4045457e-05
       1166.0000   2.4442001e-05
       1167.0000   2.4488330e-05
       1168.0000   2.4186955e-05
       1169.0000   2.2934446e-05
       1170.0000   2.0643371e-05
       1171.0000   1.7581246e-05
       1172.0000   1.4127790e-05
       1173.0000   1.1007064e-05
       1174.0000   8.0558206e-06
       1175.0000   5.7095649e-06
       1176.0000   4.4278432e-06
       1177.0000   4.5161515e-06
       1178.0000   6.0876319e-06
       1179.0000   8.9674010e-06
       1180.0000   1.2354746e-05
       1181.0000   1.5536710e-05
       1182.0000   1.7886855e-05
       1183.0000   1.9828058e-05
       1184.0000   2.1248185e-05
       1185.0000   2.1709988e-05
       1186.0000   2.0619613e-05
       1187.0000   1.8028511e-05
       1188.0000   1.3734486e-05
       1189.0000   8.4142395e-06
       1190.0000   2.6859329e-06
       1191.0000       0.0000000
       1192.0000       0.0000000
       1193.0000       0.0000000
       1194.0000       0.0000000
       1195.0000       0.0000000
       1196.0000       0.0000000
       1197.0000       0.0000000
       1198.0000       0.0000000
       1199.0000       0.0000000
       1200.0000       0.0000000
       1201.0000       0.0000000
       1202.0000       0.0000000
       1203.0000       0.0000000
       1204.0000       0.0000000
       1205.0000       0.0000000
       1206.0000       0.0000000
       1207.0000       0.0000000
       1208.0000       0.0000000
       1209.0000       0.0000000
       1210.0000       0.0000000
       1211.0000       0.0000000
       1212.0000       0.0000000
       1213.0000       0.0000000
       1214.0000       0.0000000
       1215.0000       0.0000000
       1216.0000       0.0000000
       1217.0000       0.0000000
       1218.0000       0.0000000
       1219.0000       0.0000000
       1220.0000       0.0000000
       1221.0000       0.0000000
       1222.0000       0.0000000
       1223.0000       0.0000000
       1224.0000       0.0000000
       1225.0000       0.0000000
       1226.0000       0.0000000
       1227.0000       0.0000000
       1228.0000       0.0000000
       1229.0000       0.0000000
       1230.0000       0.0000000
       1231.0000       0.0000000
       1232.0000       0.0000000
       1233.0000       0.0000000
       1234.0000       0.0000000
       1235.0000       0.0000000
       1236.0000       0.0000000
       1237.0000       0.0000000
       1238.0000       0.0000000
       1239.0000       0.0000000
       1240.0000       0.0000000
       1241.0000       0.0000000
       1242.0000       0.0000000
       1243.0000       0.0000000
       1244.0000       0.0000000
       1245.0000       0.0000000
       1246.0000       0.0000000
       1247.0000       0.0000000
       1248.0000       0.0000000
       1249.0000       0.0000000
       1250.0000       0.0000000
       1251.0000       0.0000000
       1252.0000       0.0000000
       1253.0000       0.0000000
       1254.0000       0.0000000
       1255.0000       0.0000000
       1256.0000       0.0000000
       1257.0000       0.0000000
       1258.0000       0.0000000
       1259.0000       0.0000000
       1260.0000       0.0000000
       1261.0000       0.0000000
       1262.0000       0.0000000
       1263.0000       0.0000000
       1264.0000       0.0000000
       1265.0000       0.0000000
       1266.0000       0.0000000
       1267.0000       0.0000000
       1268.0000       0.0000000
       1269.0000       0.0000000
       1270.0000       0.0000000
       1271.0000       0.0000000
       1272.0000       0.0000000
       1273.0000       0.0000000
       1274.0000       0.0000000
       1275.0000       0.0000000
       1276.0000       0.0000000
       1277.0000       0.0000000
       1278.0000       0.0000000
       1279.0000       0.0000000
       1280.0000       0.0000000
       1281.0000       0.0000000
       1282.0000       0.0000000
       1283.0000       0.0000000
       1284.0000       0.0000000
       1285.0000       0.0000000
       1286.0000       0.0000000
       1287.0000       0.0000000
       1288.0000       0.0000000
       1289.0000       0.0000000
       1290.0000       0.0000000
       1291.0000       0.0000000
       1292.0000       0.0000000
       1293.0000       0.0000000
       1294.0000       0.0000000
       1295.0000       0.0000000
       1296.0000       0.0000000
       1297.0000       0.0000000
       1298.0000       0.0000000
       1299.0000       0.0000000
       1300.0000       0.0000000
       1301.0000       0.0000000
       1302.0000       0.0000000
       1303.0000       0.0000000
       1304.0000       0.0000000
       1305.0000       0.0000000
       1306.0000       0.0000000
       1307.0000       0.0000000
       1308.0000       0.0000000
       1309.0000       0.0000000
       1310.0000       0.0000000
       1311.0000       0.0000000
       1312.0000       0.0000000
       1313.0000       0.0000000
       1314.0000       0.0000000
       1315.0000       0.0000000
       1316.0000       0.0000000
       1317.0000       0.0000000
       1318.0000       0.0000000
       1319.0000       0.0000000
       1320.0000       0.0000000
       1321.0000       0.0000000
       1322.0000       0.0000000
       1323.0000       0.0000000
       1324.0000       0.0000000
       1325.0000       0.0000000
       1326.0000       0.0000000
       1327.0000       0.0000000
       1328.0000       0.0000000
       1329.0000       0.0000000
       1330.0000       0.0000000
       1331.0000       0.0000000
       1332.0000       0.0000000
       1333.0000       0.0000000
       1334.0000       0.0000000
       1335.0000       0.0000000
       1336.0000       0.0000000
       1337.0000       0.0000000
       1338.0000       0.0000000
       1339.0000       0.0000000
       1340.0000       0.0000000
       1341.0000       0.0000000
       1342.0000       0.0000000
       1343.0000       0.0000000
       1344.0000       0.0000000
       1345.0000       0.0000000
       1346.0000       0.0000000
       1347.0000       0.0000000
       1348.0000       0.0000000
       1349.0000       0.0000000
       1350.0000       0.0000000
       1351.0000       0.0000000
       1352.0000       0.0000000
       1353.0000       0.0000000
       1354.0000       0.0000000
       1355.0000       0.0000000
       1356.0000       0.0000000
       1357.0000       0.0000000
       1358.0000       0.0000000
       1359.0000       0.0000000
       1360.0000       0.0000000
       1361.0000       0.0000000
       1362.0000       0.0000000
       1363.0000       0.0000000
       1364.0000       0.0000000
       1365.0000       0.0000000
       1366.0000       0.0000000
       1367.0000       0.0000000
       1368.0000       0.0000000
       1369.0000       0.0000000
       1370.0000       0.0000000
       1371.0000       0.0000000
       1372.0000       0.0000000
       1373.0000       0.0000000
       1374.0000       0.0000000
       1375.0000       0.0000000
       1376.0000       0.0000000
       1377.0000       0.0000000
       1378.0000       0.0000000
       1379.0000       0.0000000
       1380.0000       0.0000000
       1381.0000       0.0000000
       1382.0000       0.0000000
       1383.0000       0.0000000
       1384.0000       0.0000000
       1385.0000       0.0000000
       1386.0000       0.0000000
       1387.0000       0.0000000
       1388.0000       0.0000000
       1389.0000       0.0000000
       1390.0000       0.0000000
       1391.0000       0.0000000
       1392.0000       0.0000000
       1393.0000       0.0000000
       1394.0000       0.0000000
       1395.0000       0.0000000
       1396.0000       0.0000000
       1397.0000       0.0000000
       1398.0000       0.0000000
       1399.0000       0.0000000
       1400.0000       0.0000000
       1401.0000       0.0000000
       1402.0000       0.0000000
       1403.0000       0.0000000
       1404.0000       0.0000000
       1405.0000       0.0000000
       1406.0000       0.0000000
       1407.0000       0.0000000
       1408.0000       0.0000000
       1409.0000       0.0000000
       1410.0000       0.0000000
       1411.0000       0.0000000
       1412.0000       0.0000000
       1413.0000       0.0000000
       1414.0000       0.0000000
       1415.0000       0.0000000
       1416.0000       0.0000000
       1417.0000       0.0000000
       1418.0000       0.0000000
       1419.0000       0.0000000
       1420.0000       0.0000000
       1421.0000       0.0000000
       1422.0000       0.0000000
       1423.0000       0.0000000
       1424.0000       0.0000000
       1425.0000       0.0000000
       1426.0000       0.0000000
       1427.0000       0.0000000
       1428.0000       0.0000000
       1429.0000       0.0000000
       1430.0000       0.0000000
       1431.0000       0.0000000
       1432.0000       0.0000000
       1433.0000       0.0000000
       1434.0000       0.0000000
       1435.0000       0.0000000
       1436.0000       0.0000000
       1437.0000       0.0000000
       1438.0000       0.0000000
       1439.0000       0.0000000
       1440.0000       0.0000000
       1441.0000       0.0000000
       1442.0000       0.0000000
       1443.0000       0.0000000
       1444.0000       0.0000000
       1445.0000       0.0000000
       1446.0000       0.0000000
       1447.0000       0.0000000
       1448.0000       0.0000000
       1449.0000       0.0000000
       1450.0000       0.0000000
       1451.0000       0.0000000
       1452.0000       0.0000000
       1453.0000       0.0000000
       1454.0000       0.0000000
       1455.0000       0.0000000
       1456.0000       0.0000000
       1457.0000       0.0000000
       1458.0000       0.0000000
       1459.0000       0.0000000
       1460.0000       0.0000000
       1461.0000       0.0000000
       1462.0000       0.0000000
       1463.0000       0.0000000
       1464.0000       0.0000000
       1465.0000       0.0000000
       1466.0000       0.0000000
       1467.0000       0.0000000
       1468.0000       0.0000000
       1469.0000       0.0000000
       1470.0000       0.0000000
       1471.0000       0.0000000
       1472.0000       0.0000000
       1473.0000       0.0000000
       1474.0000       0.0000000
       1475.0000       0.0000000
       1476.0000       0.0000000
       1477.0000       0.0000000
       1478.0000       0.0000000
       1479.0000       0.0000000
       1480.0000       0.0000000
       1481.0000       0.0000000
       1482.0000       0.0000000
       1483.0000       0.0000000
       1484.0000       0.0000000
       1485.0000       0.0000000
       1486.0000       0.0000000
       1487.0000       0.0000000
       1488.0000       0.0000000
       1489.0000       0.0000000
       1490.0000       0.0000000
       1491.0000       0.0000000
       1492.0000       0.0000000
       1493.0000       0.0000000
       1494.0000       0.0000000
       1495.0000       0.0000000
       1496.0000       0.0000000
       1497.0000       0.0000000
       1498.0000       0.0000000
       1499.0000       0.0000000
       1500.0000       0.0000000
       1501.0000       0.0000000
       1502.0000       0.0000000
       1503.0000       0.0000000
       1504.0000       0.0000000
       1505.0000       0.0000000
       1506.0000       0.0000000
       1507.0000       0.0000000
       1508.0000       0.0000000
       1509.0000       0.0000000
       1510.0000       0.0000000
       1511.0000       0.0000000
       1512.0000       0.0000000
       1513.0000       0.0000000
       1514.0000       0.0000000
       1515.0000       0.0000000
       1516.0000       0.0000000
       1517.0000       0.0000000
       1518.0000       0.0000000
       1519.0000       0.0000000
       1520.0000       0.0000000
       1521.0000       0.0000000
       1522.0000       0.0000000
       1523.0000       0.0000000
       1524.0000       0.0000000
       1525.0000       0.0000000
       1526.0000       0.0000000
       1527.0000       0.0000000
       1528.0000       0.0000000
       1529.0000       0.0000000
       1530.0000       0.0000000
       1531.0000       0.0000000
       1532.0000       0.0000000
       1533.0000       0.0000000
       1534.0000       0.0000000
       1535.0000       0.0000000
