       0.0000000      0.15167749
       1.0000000      0.14186740
       2.0000000      0.13016217
       3.0000000      0.11685750
       4.0000000      0.10220640
       5.0000000     0.086424145
       6.0000000     0.071326683
       7.0000000     0.057261531
       8.0000000     0.044522004
       9.0000000     0.033368569
       10.000000     0.024055837
       11.000000     0.016370220
       12.000000     0.010125818
       13.000000    0.0051572597
       14.000000    0.0013185560
       15.000000       0.0000000
       16.000000       0.0000000
       17.000000       0.0000000
       18.000000       0.0000000
       19.000000       0.0000000
       20.000000       0.0000000
       21.000000       0.0000000
       22.000000       0.0000000
       23.000000       0.0000000
       24.000000       0.0000000
       25.000000       0.0000000
       26.000000       0.0000000
       27.000000       0.0000000
       28.000000       0.0000000
       29.000000       0.0000000
       30.000000       0.0000000
       31.000000   1.6471573e-05
       32.000000   5.5209070e-05
       33.000000   8.5763540e-05
       34.000000   0.00011350928
       35.000000   0.00014155174
       36.000000   0.00017174870
       37.000000   0.00020544455
       38.000000   0.00024326962
       39.000000   0.00028609698
       40.000000   0.00033414248
       41.000000   0.00038717770
       42.000000   0.00044528445
       43.000000   0.00050819774
       44.000000   0.00057614304
       45.000000   0.00064913204
       46.000000   0.00072628830
       47.000000   0.00080739945
       48.000000   0.00089225818
       49.000000   0.00098051216
       50.000000    0.0010723965
       51.000000    0.0011676457
       52.000000    0.0012659813
       53.000000    0.0013668253
       54.000000    0.0014694853
       55.000000    0.0015744089
       56.000000    0.0016814088
       57.000000    0.0017899928
       58.000000    0.0018997015
       59.000000    0.0020099419
       60.000000    0.0021203406
       61.000000    0.0022307313
       62.000000    0.0023413358
       63.000000    0.0024530795
       64.000000    0.0025656553
       65.000000    0.0026791652
       66.000000    0.0027936063
       67.000000    0.0029089857
       68.000000    0.0030256661
       69.000000    0.0031443254
       70.000000    0.0032649852
       71.000000    0.0033870946
       72.000000    0.0035098286
       73.000000    0.0036329077
       74.000000    0.0037554999
       75.000000    0.0038775559
       76.000000    0.0039994787
       77.000000    0.0041207350
       78.000000    0.0042403477
       79.000000    0.0043585131
       80.000000    0.0044755569
       81.000000    0.0045910531
       82.000000    0.0047047448
       83.000000    0.0048168296
       84.000000    0.0049267265
       85.000000    0.0050337557
       86.000000    0.0051376887
       87.000000    0.0052385957
       88.000000    0.0053354290
       89.000000    0.0054272972
       90.000000    0.0055139077
       91.000000    0.0055952114
       92.000000    0.0056711628
       93.000000    0.0057421732
       94.000000    0.0058083225
       95.000000    0.0058693767
       96.000000    0.0059250064
       97.000000    0.0059759128
       98.000000    0.0060223612
       99.000000    0.0060651443
       100.00000    0.0061046858
       101.00000    0.0061411014
       102.00000    0.0061743022
       103.00000    0.0062042672
       104.00000    0.0062319394
       105.00000    0.0062581255
       106.00000    0.0062827963
       107.00000    0.0063065838
       108.00000    0.0063292021
       109.00000    0.0063504463
       110.00000    0.0063701976
       111.00000    0.0063883469
       112.00000    0.0064053295
       113.00000    0.0064206367
       114.00000    0.0064340413
       115.00000    0.0064457861
       116.00000    0.0064557807
       117.00000    0.0064645884
       118.00000    0.0064725233
       119.00000    0.0064801166
       120.00000    0.0064880202
       121.00000    0.0064960563
       122.00000    0.0065044341
       123.00000    0.0065134965
       124.00000    0.0065230958
       125.00000    0.0065333029
       126.00000    0.0065437076
       127.00000    0.0065542287
       128.00000    0.0065648956
       129.00000    0.0065757413
       130.00000    0.0065870661
       131.00000    0.0065991036
       132.00000    0.0066114340
       133.00000    0.0066240556
       134.00000    0.0066367314
       135.00000    0.0066490680
       136.00000    0.0066608960
       137.00000    0.0066717132
       138.00000    0.0066803450
       139.00000    0.0066859661
       140.00000    0.0066878579
       141.00000    0.0066859665
       142.00000    0.0066802684
       143.00000    0.0066710742
       144.00000    0.0066597408
       145.00000    0.0066466523
       146.00000    0.0066321658
       147.00000    0.0066173728
       148.00000    0.0066011951
       149.00000    0.0065863180
       150.00000    0.0065732222
       151.00000    0.0065618039
       152.00000    0.0065505788
       153.00000    0.0065383145
       154.00000    0.0065256635
       155.00000    0.0065126104
       156.00000    0.0065001585
       157.00000    0.0064916197
       158.00000    0.0064804807
       159.00000    0.0064630960
       160.00000    0.0064366557
       161.00000    0.0064022651
       162.00000    0.0063598504
       163.00000    0.0063072700
       164.00000    0.0062448722
       165.00000    0.0061695776
       166.00000    0.0060796645
       167.00000    0.0059811257
       168.00000    0.0058795369
       169.00000    0.0057797241
       170.00000    0.0056829071
       171.00000    0.0055891790
       172.00000    0.0054996837
       173.00000    0.0054138700
       174.00000    0.0053354841
       175.00000    0.0052659977
       176.00000    0.0052051913
       177.00000    0.0051523584
       178.00000    0.0051080748
       179.00000    0.0050723194
       180.00000    0.0050463992
       181.00000    0.0050312843
       182.00000    0.0050258395
       183.00000    0.0050257263
       184.00000    0.0050275183
       185.00000    0.0050296965
       186.00000    0.0050316078
       187.00000    0.0050306533
       188.00000    0.0050249152
       189.00000    0.0050125764
       190.00000    0.0049903733
       191.00000    0.0049589667
       192.00000    0.0049207383
       193.00000    0.0048792413
       194.00000    0.0048337432
       195.00000    0.0047816030
       196.00000    0.0047206822
       197.00000    0.0046503505
       198.00000    0.0045705402
       199.00000    0.0044847367
       200.00000    0.0043936424
       201.00000    0.0042969021
       202.00000    0.0041905000
       203.00000    0.0040748192
       204.00000    0.0039510652
       205.00000    0.0038223357
       206.00000    0.0036928047
       207.00000    0.0035658817
       208.00000    0.0034418133
       209.00000    0.0033219194
       210.00000    0.0032083348
       211.00000    0.0031059623
       212.00000    0.0030163785
       213.00000    0.0029421085
       214.00000    0.0028840012
       215.00000    0.0028394449
       216.00000    0.0028054099
       217.00000    0.0027804929
       218.00000    0.0027640299
       219.00000    0.0027548402
       220.00000    0.0027508080
       221.00000    0.0027508383
       222.00000    0.0027528013
       223.00000    0.0027552170
       224.00000    0.0027578220
       225.00000    0.0027609022
       226.00000    0.0027646823
       227.00000    0.0027682302
       228.00000    0.0027709237
       229.00000    0.0027724056
       230.00000    0.0027728534
       231.00000    0.0027726364
       232.00000    0.0027714903
       233.00000    0.0027698203
       234.00000    0.0027685849
       235.00000    0.0027678717
       236.00000    0.0027680730
       237.00000    0.0027695040
       238.00000    0.0027725039
       239.00000    0.0027770147
       240.00000    0.0027829429
       241.00000    0.0027906827
       242.00000    0.0028002021
       243.00000    0.0028107922
       244.00000    0.0028222174
       245.00000    0.0028343304
       246.00000    0.0028465716
       247.00000    0.0028583763
       248.00000    0.0028691973
       249.00000    0.0028786855
       250.00000    0.0028865205
       251.00000    0.0028923302
       252.00000    0.0028957898
       253.00000    0.0028964818
       254.00000    0.0028938576
       255.00000    0.0028882842
       256.00000    0.0028801180
       257.00000    0.0028698145
       258.00000    0.0028580105
       259.00000    0.0028447476
       260.00000    0.0028304614
       261.00000    0.0028157870
       262.00000    0.0028016958
       263.00000    0.0027892773
       264.00000    0.0027789016
       265.00000    0.0027709373
       266.00000    0.0027657398
       267.00000    0.0027631705
       268.00000    0.0027635355
       269.00000    0.0027666472
       270.00000    0.0027720389
       271.00000    0.0027790953
       272.00000    0.0027872541
       273.00000    0.0027960482
       274.00000    0.0028051110
       275.00000    0.0028139235
       276.00000    0.0028219885
       277.00000    0.0028287203
       278.00000    0.0028341382
       279.00000    0.0028383980
       280.00000    0.0028414223
       281.00000    0.0028429233
       282.00000    0.0028427308
       283.00000    0.0028404490
       284.00000    0.0028360714
       285.00000    0.0028298988
       286.00000    0.0028225298
       287.00000    0.0028144168
       288.00000    0.0028057011
       289.00000    0.0027965001
       290.00000    0.0027871814
       291.00000    0.0027782283
       292.00000    0.0027702796
       293.00000    0.0027638182
       294.00000    0.0027591747
       295.00000    0.0027561392
       296.00000    0.0027540230
       297.00000    0.0027527480
       298.00000    0.0027525074
       299.00000    0.0027530375
       300.00000    0.0027537729
       301.00000    0.0027542648
       302.00000    0.0027540480
       303.00000    0.0027528090
       304.00000    0.0027504450
       305.00000    0.0027472169
       306.00000    0.0027431786
       307.00000    0.0027378871
       308.00000    0.0027314359
       309.00000    0.0027243616
       310.00000    0.0027170238
       311.00000    0.0027093553
       312.00000    0.0027011289
       313.00000    0.0026922726
       314.00000    0.0026826842
       315.00000    0.0026723451
       316.00000    0.0026619389
       317.00000    0.0026517681
       318.00000    0.0026416515
       319.00000    0.0026312746
       320.00000    0.0026206212
       321.00000    0.0026103065
       322.00000    0.0026008630
       323.00000    0.0025925547
       324.00000    0.0025851989
       325.00000    0.0025785494
       326.00000    0.0025724274
       327.00000    0.0025665964
       328.00000    0.0025612152
       329.00000    0.0025566875
       330.00000    0.0025521886
       331.00000    0.0025470175
       332.00000    0.0025411327
       333.00000    0.0025348912
       334.00000    0.0025280771
       335.00000    0.0025207248
       336.00000    0.0025133517
       337.00000    0.0025060414
       338.00000    0.0024986530
       339.00000    0.0024917377
       340.00000    0.0024857483
       341.00000    0.0024806964
       342.00000    0.0024763062
       343.00000    0.0024725192
       344.00000    0.0024691827
       345.00000    0.0024659986
       346.00000    0.0024627832
       347.00000    0.0024594054
       348.00000    0.0024558689
       349.00000    0.0024518656
       350.00000    0.0024470383
       351.00000    0.0024414816
       352.00000    0.0024355773
       353.00000    0.0024298298
       354.00000    0.0024239764
       355.00000    0.0024179637
       356.00000    0.0024118476
       357.00000    0.0024055650
       358.00000    0.0023992610
       359.00000    0.0023930507
       360.00000    0.0023868811
       361.00000    0.0023804941
       362.00000    0.0023732153
       363.00000    0.0023656429
       364.00000    0.0023583198
       365.00000    0.0023513706
       366.00000    0.0023447633
       367.00000    0.0023386301
       368.00000    0.0023332531
       369.00000    0.0023287234
       370.00000    0.0023249709
       371.00000    0.0023222783
       372.00000    0.0023201665
       373.00000    0.0023183030
       374.00000    0.0023166214
       375.00000    0.0023150012
       376.00000    0.0023134520
       377.00000    0.0023116981
       378.00000    0.0023093841
       379.00000    0.0023066207
       380.00000    0.0023033130
       381.00000    0.0022995122
       382.00000    0.0022949291
       383.00000    0.0022895434
       384.00000    0.0022836518
       385.00000    0.0022770717
       386.00000    0.0022698658
       387.00000    0.0022624857
       388.00000    0.0022551188
       389.00000    0.0022478986
       390.00000    0.0022410667
       391.00000    0.0022349663
       392.00000    0.0022294485
       393.00000    0.0022242838
       394.00000    0.0022195125
       395.00000    0.0022152579
       396.00000    0.0022113195
       397.00000    0.0022071710
       398.00000    0.0022029059
       399.00000    0.0021981867
       400.00000    0.0021928792
       401.00000    0.0021872174
       402.00000    0.0021810176
       403.00000    0.0021744147
       404.00000    0.0021673826
       405.00000    0.0021600972
       406.00000    0.0021531333
       407.00000    0.0021460223
       408.00000    0.0021389694
       409.00000    0.0021319192
       410.00000    0.0021246374
       411.00000    0.0021172815
       412.00000    0.0021097379
       413.00000    0.0021018547
       414.00000    0.0020933643
       415.00000    0.0020840808
       416.00000    0.0020746839
       417.00000    0.0020651503
       418.00000    0.0020554614
       419.00000    0.0020459409
       420.00000    0.0020369311
       421.00000    0.0020283817
       422.00000    0.0020207833
       423.00000    0.0020142846
       424.00000    0.0020085491
       425.00000    0.0020030097
       426.00000    0.0019977054
       427.00000    0.0019927360
       428.00000    0.0019877286
       429.00000    0.0019823799
       430.00000    0.0019766794
       431.00000    0.0019698544
       432.00000    0.0019620568
       433.00000    0.0019538434
       434.00000    0.0019454469
       435.00000    0.0019369599
       436.00000    0.0019285830
       437.00000    0.0019208113
       438.00000    0.0019138390
       439.00000    0.0019075541
       440.00000    0.0019024499
       441.00000    0.0018981129
       442.00000    0.0018940895
       443.00000    0.0018902894
       444.00000    0.0018866810
       445.00000    0.0018829528
       446.00000    0.0018787003
       447.00000    0.0018737140
       448.00000    0.0018684084
       449.00000    0.0018625202
       450.00000    0.0018565229
       451.00000    0.0018508505
       452.00000    0.0018459860
       453.00000    0.0018417687
       454.00000    0.0018382742
       455.00000    0.0018355035
       456.00000    0.0018334172
       457.00000    0.0018318016
       458.00000    0.0018310778
       459.00000    0.0018309125
       460.00000    0.0018308948
       461.00000    0.0018302654
       462.00000    0.0018290658
       463.00000    0.0018273754
       464.00000    0.0018252774
       465.00000    0.0018228286
       466.00000    0.0018200038
       467.00000    0.0018165119
       468.00000    0.0018124694
       469.00000    0.0018080320
       470.00000    0.0018035300
       471.00000    0.0017989901
       472.00000    0.0017943233
       473.00000    0.0017895771
       474.00000    0.0017848127
       475.00000    0.0017800948
       476.00000    0.0017754774
       477.00000    0.0017709478
       478.00000    0.0017665023
       479.00000    0.0017620781
       480.00000    0.0017576928
       481.00000    0.0017534231
       482.00000    0.0017491995
       483.00000    0.0017450173
       484.00000    0.0017408245
       485.00000    0.0017366052
       486.00000    0.0017323218
       487.00000    0.0017279456
       488.00000    0.0017235877
       489.00000    0.0017192309
       490.00000    0.0017147748
       491.00000    0.0017102543
       492.00000    0.0017056361
       493.00000    0.0017008547
       494.00000    0.0016959324
       495.00000    0.0016909451
       496.00000    0.0016859665
       497.00000    0.0016809551
       498.00000    0.0016759112
       499.00000    0.0016709901
       500.00000    0.0016662036
       501.00000    0.0016615285
       502.00000    0.0016570406
       503.00000    0.0016526047
       504.00000    0.0016481189
       505.00000    0.0016435055
       506.00000    0.0016387505
       507.00000    0.0016338339
       508.00000    0.0016286236
       509.00000    0.0016231025
       510.00000    0.0016172911
       511.00000    0.0016112143
       512.00000    0.0016050557
       513.00000    0.0015989151
       514.00000    0.0015928682
       515.00000    0.0015869491
       516.00000    0.0015812203
       517.00000    0.0015756838
       518.00000    0.0015702771
       519.00000    0.0015649656
       520.00000    0.0015596861
       521.00000    0.0015543639
       522.00000    0.0015489802
       523.00000    0.0015434596
       524.00000    0.0015377659
       525.00000    0.0015318083
       526.00000    0.0015256306
       527.00000    0.0015193790
       528.00000    0.0015131534
       529.00000    0.0015069612
       530.00000    0.0015008218
       531.00000    0.0014947065
       532.00000    0.0014886922
       533.00000    0.0014828285
       534.00000    0.0014771705
       535.00000    0.0014717941
       536.00000    0.0014666270
       537.00000    0.0014616400
       538.00000    0.0014568874
       539.00000    0.0014523653
       540.00000    0.0014481278
       541.00000    0.0014441534
       542.00000    0.0014404157
       543.00000    0.0014369718
       544.00000    0.0014336957
       545.00000    0.0014305758
       546.00000    0.0014276140
       547.00000    0.0014247564
       548.00000    0.0014219764
       549.00000    0.0014192107
       550.00000    0.0014164142
       551.00000    0.0014135938
       552.00000    0.0014106605
       553.00000    0.0014076505
       554.00000    0.0014044786
       555.00000    0.0014011060
       556.00000    0.0013975580
       557.00000    0.0013938044
       558.00000    0.0013898711
       559.00000    0.0013857922
       560.00000    0.0013815594
       561.00000    0.0013772069
       562.00000    0.0013727336
       563.00000    0.0013683086
       564.00000    0.0013639174
       565.00000    0.0013595591
       566.00000    0.0013553086
       567.00000    0.0013511176
       568.00000    0.0013469811
       569.00000    0.0013428730
       570.00000    0.0013387911
       571.00000    0.0013347651
       572.00000    0.0013306651
       573.00000    0.0013265101
       574.00000    0.0013222805
       575.00000    0.0013179274
       576.00000    0.0013135216
       577.00000    0.0013090822
       578.00000    0.0013046623
       579.00000    0.0013002641
       580.00000    0.0012958635
       581.00000    0.0012915522
       582.00000    0.0012873937
       583.00000    0.0012834387
       584.00000    0.0012797166
       585.00000    0.0012762023
       586.00000    0.0012728711
       587.00000    0.0012696362
       588.00000    0.0012664741
       589.00000    0.0012633977
       590.00000    0.0012603408
       591.00000    0.0012572142
       592.00000    0.0012539163
       593.00000    0.0012504515
       594.00000    0.0012468144
       595.00000    0.0012430255
       596.00000    0.0012392330
       597.00000    0.0012355078
       598.00000    0.0012318179
       599.00000    0.0012281667
       600.00000    0.0012245742
       601.00000    0.0012211391
       602.00000    0.0012178053
       603.00000    0.0012145880
       604.00000    0.0012114372
       605.00000    0.0012082150
       606.00000    0.0012048345
       607.00000    0.0012013401
       608.00000    0.0011977749
       609.00000    0.0011941844
       610.00000    0.0011904869
       611.00000    0.0011867106
       612.00000    0.0011827971
       613.00000    0.0011788090
       614.00000    0.0011747994
       615.00000    0.0011708070
       616.00000    0.0011667626
       617.00000    0.0011626427
       618.00000    0.0011583959
       619.00000    0.0011540899
       620.00000    0.0011497464
       621.00000    0.0011454741
       622.00000    0.0011412632
       623.00000    0.0011371210
       624.00000    0.0011330653
       625.00000    0.0011291684
       626.00000    0.0011254043
       627.00000    0.0011217994
       628.00000    0.0011183326
       629.00000    0.0011149905
       630.00000    0.0011116661
       631.00000    0.0011083060
       632.00000    0.0011049006
       633.00000    0.0011013953
       634.00000    0.0010978034
       635.00000    0.0010942114
       636.00000    0.0010906096
       637.00000    0.0010869715
       638.00000    0.0010833283
       639.00000    0.0010797806
       640.00000    0.0010763936
       641.00000    0.0010731765
       642.00000    0.0010702024
       643.00000    0.0010674013
       644.00000    0.0010646896
       645.00000    0.0010620812
       646.00000    0.0010596775
       647.00000    0.0010574048
       648.00000    0.0010551864
       649.00000    0.0010529664
       650.00000    0.0010507398
       651.00000    0.0010484468
       652.00000    0.0010460990
       653.00000    0.0010437117
       654.00000    0.0010413242
       655.00000    0.0010388091
       656.00000    0.0010361999
       657.00000    0.0010334930
       658.00000    0.0010307677
       659.00000    0.0010279891
       660.00000    0.0010251356
       661.00000    0.0010222282
       662.00000    0.0010192908
       663.00000    0.0010162637
       664.00000    0.0010131953
       665.00000    0.0010101260
       666.00000    0.0010071087
       667.00000    0.0010040926
       668.00000    0.0010011151
       669.00000   0.00099821134
       670.00000   0.00099539968
       671.00000   0.00099266855
       672.00000   0.00099003660
       673.00000   0.00098752105
       674.00000   0.00098506404
       675.00000   0.00098258439
       676.00000   0.00098000449
       677.00000   0.00097728273
       678.00000   0.00097440229
       679.00000   0.00097132583
       680.00000   0.00096802142
       681.00000   0.00096447016
       682.00000   0.00096072088
       683.00000   0.00095687974
       684.00000   0.00095304083
       685.00000   0.00094933172
       686.00000   0.00094581106
       687.00000   0.00094256444
       688.00000   0.00093965788
       689.00000   0.00093714266
       690.00000   0.00093505421
       691.00000   0.00093331870
       692.00000   0.00093180972
       693.00000   0.00093052623
       694.00000   0.00092942850
       695.00000   0.00092847065
       696.00000   0.00092757397
       697.00000   0.00092663241
       698.00000   0.00092568072
       699.00000   0.00092466692
       700.00000   0.00092357509
       701.00000   0.00092250318
       702.00000   0.00092142558
       703.00000   0.00092030938
       704.00000   0.00091921042
       705.00000   0.00091814387
       706.00000   0.00091718827
       707.00000   0.00091620390
       708.00000   0.00091523069
       709.00000   0.00091430423
       710.00000   0.00091329350
       711.00000   0.00091209722
       712.00000   0.00091067869
       713.00000   0.00090896701
       714.00000   0.00090693078
       715.00000   0.00090455561
       716.00000   0.00090195084
       717.00000   0.00089910364
       718.00000   0.00089593584
       719.00000   0.00089251658
       720.00000   0.00088897039
       721.00000   0.00088542774
       722.00000   0.00088191213
       723.00000   0.00087845595
       724.00000   0.00087506044
       725.00000   0.00087164890
       726.00000   0.00086815218
       727.00000   0.00086466435
       728.00000   0.00086122956
       729.00000   0.00085780577
       730.00000   0.00085424610
       731.00000   0.00085060304
       732.00000   0.00084689089
       733.00000   0.00084306795
       734.00000   0.00083923523
       735.00000   0.00083553032
       736.00000   0.00083193899
       737.00000   0.00082842855
       738.00000   0.00082497076
       739.00000   0.00082167396
       740.00000   0.00081848465
       741.00000   0.00081540618
       742.00000   0.00081242160
       743.00000   0.00080941919
       744.00000   0.00080630838
       745.00000   0.00080307311
       746.00000   0.00079970854
       747.00000   0.00079627849
       748.00000   0.00079279904
       749.00000   0.00078928896
       750.00000   0.00078572400
       751.00000   0.00078224484
       752.00000   0.00077895908
       753.00000   0.00077586190
       754.00000   0.00077296302
       755.00000   0.00077023365
       756.00000   0.00076764307
       757.00000   0.00076508682
       758.00000   0.00076252474
       759.00000   0.00075999103
       760.00000   0.00075735038
       761.00000   0.00075454398
       762.00000   0.00075164385
       763.00000   0.00074864733
       764.00000   0.00074561963
       765.00000   0.00074256986
       766.00000   0.00073959006
       767.00000   0.00073673904
       768.00000   0.00073394306
       769.00000   0.00073126367
       770.00000   0.00072871141
       771.00000   0.00072620329
       772.00000   0.00072368779
       773.00000   0.00072114404
       774.00000   0.00071853067
       775.00000   0.00071577622
       776.00000   0.00071286019
       777.00000   0.00070984584
       778.00000   0.00070669412
       779.00000   0.00070332780
       780.00000   0.00069975822
       781.00000   0.00069607141
       782.00000   0.00069223517
       783.00000   0.00068821156
       784.00000   0.00068400206
       785.00000   0.00067956997
       786.00000   0.00067489956
       787.00000   0.00066996258
       788.00000   0.00066489450
       789.00000   0.00065975167
       790.00000   0.00065450541
       791.00000   0.00064917927
       792.00000   0.00064389342
       793.00000   0.00063871647
       794.00000   0.00063369814
       795.00000   0.00062884020
       796.00000   0.00062424794
       797.00000   0.00061990311
       798.00000   0.00061579793
       799.00000   0.00061192776
       800.00000   0.00060830266
       801.00000   0.00060492941
       802.00000   0.00060179924
       803.00000   0.00059890542
       804.00000   0.00059620951
       805.00000   0.00059372651
       806.00000   0.00059142715
       807.00000   0.00058939111
       808.00000   0.00058768165
       809.00000   0.00058637842
       810.00000   0.00058548597
       811.00000   0.00058497217
       812.00000   0.00058483864
       813.00000   0.00058517082
       814.00000   0.00058587581
       815.00000   0.00058695593
       816.00000   0.00058822840
       817.00000   0.00058962253
       818.00000   0.00059100790
       819.00000   0.00059222487
       820.00000   0.00059322944
       821.00000   0.00059404992
       822.00000   0.00059461985
       823.00000   0.00059493726
       824.00000   0.00059494778
       825.00000   0.00059476608
       826.00000   0.00059436625
       827.00000   0.00059371029
       828.00000   0.00059293650
       829.00000   0.00059213631
       830.00000   0.00059118705
       831.00000   0.00059000487
       832.00000   0.00058858636
       833.00000   0.00058691077
       834.00000   0.00058486769
       835.00000   0.00058245455
       836.00000   0.00057978362
       837.00000   0.00057674923
       838.00000   0.00057326187
       839.00000   0.00056943044
       840.00000   0.00056542453
       841.00000   0.00056131578
       842.00000   0.00055718587
       843.00000   0.00055312346
       844.00000   0.00054916603
       845.00000   0.00054526387
       846.00000   0.00054147282
       847.00000   0.00053788649
       848.00000   0.00053447395
       849.00000   0.00053116514
       850.00000   0.00052786976
       851.00000   0.00052457421
       852.00000   0.00052131431
       853.00000   0.00051806211
       854.00000   0.00051483180
       855.00000   0.00051168488
       856.00000   0.00050856134
       857.00000   0.00050548105
       858.00000   0.00050243271
       859.00000   0.00049950761
       860.00000   0.00049667602
       861.00000   0.00049381376
       862.00000   0.00049097836
       863.00000   0.00048817729
       864.00000   0.00048530271
       865.00000   0.00048233317
       866.00000   0.00047925552
       867.00000   0.00047611664
       868.00000   0.00047287859
       869.00000   0.00046963867
       870.00000   0.00046647865
       871.00000   0.00046337234
       872.00000   0.00046033227
       873.00000   0.00045744258
       874.00000   0.00045477395
       875.00000   0.00045231106
       876.00000   0.00044999207
       877.00000   0.00044782703
       878.00000   0.00044575098
       879.00000   0.00044376981
       880.00000   0.00044189380
       881.00000   0.00044009435
       882.00000   0.00043834738
       883.00000   0.00043664668
       884.00000   0.00043507265
       885.00000   0.00043362510
       886.00000   0.00043224908
       887.00000   0.00043086167
       888.00000   0.00042945829
       889.00000   0.00042800668
       890.00000   0.00042649286
       891.00000   0.00042490370
       892.00000   0.00042316265
       893.00000   0.00042112762
       894.00000   0.00041885241
       895.00000   0.00041639673
       896.00000   0.00041390375
       897.00000   0.00041137802
       898.00000   0.00040878592
       899.00000   0.00040610487
       900.00000   0.00040333937
       901.00000   0.00040055057
       902.00000   0.00039773781
       903.00000   0.00039481407
       904.00000   0.00039171231
       905.00000   0.00038832808
       906.00000   0.00038462140
       907.00000   0.00038065157
       908.00000   0.00037654167
       909.00000   0.00037232292
       910.00000   0.00036799353
       911.00000   0.00036371092
       912.00000   0.00035961289
       913.00000   0.00035580506
       914.00000   0.00035232426
       915.00000   0.00034919486
       916.00000   0.00034644402
       917.00000   0.00034398793
       918.00000   0.00034181565
       919.00000   0.00033989033
       920.00000   0.00033816311
       921.00000   0.00033655352
       922.00000   0.00033502134
       923.00000   0.00033361854
       924.00000   0.00033243642
       925.00000   0.00033144282
       926.00000   0.00033063827
       927.00000   0.00033003583
       928.00000   0.00032968439
       929.00000   0.00032957759
       930.00000   0.00032974491
       931.00000   0.00033014285
       932.00000   0.00033072781
       933.00000   0.00033146608
       934.00000   0.00033238615
       935.00000   0.00033357590
       936.00000   0.00033498038
       937.00000   0.00033658253
       938.00000   0.00033835718
       939.00000   0.00034023216
       940.00000   0.00034225496
       941.00000   0.00034447368
       942.00000   0.00034678323
       943.00000   0.00034913087
       944.00000   0.00035140866
       945.00000   0.00035364966
       946.00000   0.00035581339
       947.00000   0.00035782943
       948.00000   0.00035977728
       949.00000   0.00036164214
       950.00000   0.00036327095
       951.00000   0.00036463400
       952.00000   0.00036572083
       953.00000   0.00036649342
       954.00000   0.00036686104
       955.00000   0.00036683140
       956.00000   0.00036642810
       957.00000   0.00036554453
       958.00000   0.00036409200
       959.00000   0.00036212164
       960.00000   0.00035979574
       961.00000   0.00035717593
       962.00000   0.00035436020
       963.00000   0.00035145755
       964.00000   0.00034845487
       965.00000   0.00034544854
       966.00000   0.00034255396
       967.00000   0.00033988440
       968.00000   0.00033746574
       969.00000   0.00033515261
       970.00000   0.00033288469
       971.00000   0.00033061273
       972.00000   0.00032829266
       973.00000   0.00032602612
       974.00000   0.00032379467
       975.00000   0.00032155324
       976.00000   0.00031924453
       977.00000   0.00031695081
       978.00000   0.00031476436
       979.00000   0.00031267387
       980.00000   0.00031069485
       981.00000   0.00030881591
       982.00000   0.00030699369
       983.00000   0.00030514078
       984.00000   0.00030325631
       985.00000   0.00030139157
       986.00000   0.00029947476
       987.00000   0.00029748407
       988.00000   0.00029547391
       989.00000   0.00029344351
       990.00000   0.00029148830
       991.00000   0.00028954938
       992.00000   0.00028766881
       993.00000   0.00028583578
       994.00000   0.00028407271
       995.00000   0.00028237377
       996.00000   0.00028072681
       997.00000   0.00027907822
       998.00000   0.00027738560
       999.00000   0.00027560631
       1000.0000   0.00027378913
       1001.0000   0.00027195660
       1002.0000   0.00027011619
       1003.0000   0.00026818415
       1004.0000   0.00026620859
       1005.0000   0.00026424749
       1006.0000   0.00026231000
       1007.0000   0.00026039088
       1008.0000   0.00025843146
       1009.0000   0.00025628882
       1010.0000   0.00025390370
       1011.0000   0.00025127983
       1012.0000   0.00024830189
       1013.0000   0.00024484698
       1014.0000   0.00024081085
       1015.0000   0.00023630093
       1016.0000   0.00023143968
       1017.0000   0.00022624704
       1018.0000   0.00022094777
       1019.0000   0.00021560447
       1020.0000   0.00021024312
       1021.0000   0.00020506874
       1022.0000   0.00020024248
       1023.0000   0.00019583637
       1024.0000   0.00019173368
       1025.0000   0.00018781080
       1026.0000   0.00018406699
       1027.0000   0.00018041749
       1028.0000   0.00017690830
       1029.0000   0.00017347708
       1030.0000   0.00017012896
       1031.0000   0.00016680430
       1032.0000   0.00016351937
       1033.0000   0.00016038730
       1034.0000   0.00015749928
       1035.0000   0.00015490594
       1036.0000   0.00015262581
       1037.0000   0.00015059138
       1038.0000   0.00014882973
       1039.0000   0.00014725966
       1040.0000   0.00014583550
       1041.0000   0.00014443183
       1042.0000   0.00014287964
       1043.0000   0.00014111270
       1044.0000   0.00013909462
       1045.0000   0.00013688208
       1046.0000   0.00013444773
       1047.0000   0.00013183604
       1048.0000   0.00012912117
       1049.0000   0.00012632800
       1050.0000   0.00012358271
       1051.0000   0.00012104538
       1052.0000   0.00011877226
       1053.0000   0.00011675503
       1054.0000   0.00011488470
       1055.0000   0.00011327477
       1056.0000   0.00011193372
       1057.0000   0.00011087486
       1058.0000   0.00011011680
       1059.0000   0.00010964914
       1060.0000   0.00010941965
       1061.0000   0.00010935117
       1062.0000   0.00010947223
       1063.0000   0.00010977854
       1064.0000   0.00011015543
       1065.0000   0.00011056976
       1066.0000   0.00011095011
       1067.0000   0.00011132129
       1068.0000   0.00011160720
       1069.0000   0.00011172033
       1070.0000   0.00011172105
       1071.0000   0.00011166532
       1072.0000   0.00011153893
       1073.0000   0.00011135941
       1074.0000   0.00011110245
       1075.0000   0.00011065149
       1076.0000   0.00010985978
       1077.0000   0.00010874582
       1078.0000   0.00010735447
       1079.0000   0.00010567461
       1080.0000   0.00010355333
       1081.0000   0.00010103791
       1082.0000   9.8180537e-05
       1083.0000   9.4930431e-05
       1084.0000   9.1509389e-05
       1085.0000   8.8198630e-05
       1086.0000   8.5093895e-05
       1087.0000   8.2262321e-05
       1088.0000   7.9654059e-05
       1089.0000   7.7323264e-05
       1090.0000   7.5221541e-05
       1091.0000   7.3240171e-05
       1092.0000   7.1551410e-05
       1093.0000   7.0082443e-05
       1094.0000   6.8571973e-05
       1095.0000   6.6934979e-05
       1096.0000   6.5109398e-05
       1097.0000   6.3265854e-05
       1098.0000   6.1451390e-05
       1099.0000   5.9780936e-05
       1100.0000   5.8372923e-05
       1101.0000   5.6998235e-05
       1102.0000   5.5443296e-05
       1103.0000   5.3812734e-05
       1104.0000   5.2145360e-05
       1105.0000   5.0559406e-05
       1106.0000   4.8909172e-05
       1107.0000   4.7117048e-05
       1108.0000   4.5108394e-05
       1109.0000   4.2905164e-05
       1110.0000   4.0758558e-05
       1111.0000   3.8938723e-05
       1112.0000   3.7447645e-05
       1113.0000   3.6330143e-05
       1114.0000   3.5405892e-05
       1115.0000   3.4612522e-05
       1116.0000   3.4058679e-05
       1117.0000   3.3776996e-05
       1118.0000   3.3668768e-05
       1119.0000   3.3579657e-05
       1120.0000   3.3478823e-05
       1121.0000   3.3339261e-05
       1122.0000   3.3057695e-05
       1123.0000   3.2730400e-05
       1124.0000   3.2453756e-05
       1125.0000   3.2204954e-05
       1126.0000   3.1996266e-05
       1127.0000   3.1820455e-05
       1128.0000   3.1652857e-05
       1129.0000   3.1436727e-05
       1130.0000   3.1206848e-05
       1131.0000   3.1018131e-05
       1132.0000   3.0823333e-05
       1133.0000   3.0619319e-05
       1134.0000   3.0250446e-05
       1135.0000   2.9610742e-05
       1136.0000   2.8733660e-05
       1137.0000   2.7661356e-05
       1138.0000   2.6431111e-05
       1139.0000   2.5054086e-05
       1140.0000   2.3491694e-05
       1141.0000   2.1900362e-05
       1142.0000   2.0266983e-05
       1143.0000   1.8800061e-05
       1144.0000   1.7543288e-05
       1145.0000   1.6536463e-05
       1146.0000   1.5797927e-05
       1147.0000   1.5322956e-05
       1148.0000   1.5081244e-05
       1149.0000   1.5078411e-05
       1150.0000   1.5212382e-05
       1151.0000   1.5382451e-05
       1152.0000   1.5417973e-05
       1153.0000   1.5302889e-05
       1154.0000   1.4973495e-05
       1155.0000   1.4472744e-05
       1156.0000   1.3679466e-05
       1157.0000   1.2591922e-05
       1158.0000   1.1291118e-05
       1159.0000   9.7356107e-06
       1160.0000   8.2211826e-06
       1161.0000   6.9410358e-06
       1162.0000   5.9690891e-06
       1163.0000   5.3270229e-06
       1164.0000   4.8509650e-06
       1165.0000   4.6055285e-06
       1166.0000   4.4185638e-06
       1167.0000   4.1576549e-06
       1168.0000   3.7641012e-06
       1169.0000   2.9840576e-06
       1170.0000   1.7560621e-06
       1171.0000   1.5669919e-07
       1172.0000       0.0000000
       1173.0000       0.0000000
       1174.0000       0.0000000
       1175.0000       0.0000000
       1176.0000       0.0000000
       1177.0000       0.0000000
       1178.0000       0.0000000
       1179.0000       0.0000000
       1180.0000       0.0000000
       1181.0000       0.0000000
       1182.0000       0.0000000
       1183.0000       0.0000000
       1184.0000       0.0000000
       1185.0000       0.0000000
       1186.0000       0.0000000
       1187.0000       0.0000000
       1188.0000       0.0000000
       1189.0000       0.0000000
       1190.0000       0.0000000
       1191.0000       0.0000000
       1192.0000       0.0000000
       1193.0000       0.0000000
       1194.0000       0.0000000
       1195.0000       0.0000000
       1196.0000       0.0000000
       1197.0000       0.0000000
       1198.0000       0.0000000
       1199.0000       0.0000000
       1200.0000       0.0000000
       1201.0000       0.0000000
       1202.0000       0.0000000
       1203.0000       0.0000000
       1204.0000       0.0000000
       1205.0000       0.0000000
       1206.0000       0.0000000
       1207.0000       0.0000000
       1208.0000       0.0000000
       1209.0000       0.0000000
       1210.0000       0.0000000
       1211.0000       0.0000000
       1212.0000       0.0000000
       1213.0000       0.0000000
       1214.0000       0.0000000
       1215.0000       0.0000000
       1216.0000       0.0000000
       1217.0000       0.0000000
       1218.0000       0.0000000
       1219.0000       0.0000000
       1220.0000       0.0000000
       1221.0000       0.0000000
       1222.0000       0.0000000
       1223.0000       0.0000000
       1224.0000       0.0000000
       1225.0000       0.0000000
       1226.0000       0.0000000
       1227.0000       0.0000000
       1228.0000       0.0000000
       1229.0000       0.0000000
       1230.0000       0.0000000
       1231.0000       0.0000000
       1232.0000       0.0000000
       1233.0000       0.0000000
       1234.0000       0.0000000
       1235.0000       0.0000000
       1236.0000       0.0000000
       1237.0000       0.0000000
       1238.0000       0.0000000
       1239.0000       0.0000000
       1240.0000       0.0000000
       1241.0000       0.0000000
       1242.0000       0.0000000
       1243.0000       0.0000000
       1244.0000       0.0000000
       1245.0000       0.0000000
       1246.0000       0.0000000
       1247.0000       0.0000000
       1248.0000       0.0000000
       1249.0000       0.0000000
       1250.0000       0.0000000
       1251.0000       0.0000000
       1252.0000       0.0000000
       1253.0000       0.0000000
       1254.0000       0.0000000
       1255.0000       0.0000000
       1256.0000       0.0000000
       1257.0000       0.0000000
       1258.0000       0.0000000
       1259.0000       0.0000000
       1260.0000       0.0000000
       1261.0000       0.0000000
       1262.0000       0.0000000
       1263.0000       0.0000000
       1264.0000       0.0000000
       1265.0000       0.0000000
       1266.0000       0.0000000
       1267.0000       0.0000000
       1268.0000       0.0000000
       1269.0000       0.0000000
       1270.0000       0.0000000
       1271.0000       0.0000000
       1272.0000       0.0000000
       1273.0000       0.0000000
       1274.0000       0.0000000
       1275.0000       0.0000000
       1276.0000       0.0000000
       1277.0000       0.0000000
       1278.0000       0.0000000
       1279.0000       0.0000000
       1280.0000       0.0000000
       1281.0000       0.0000000
       1282.0000       0.0000000
       1283.0000       0.0000000
       1284.0000       0.0000000
       1285.0000       0.0000000
       1286.0000       0.0000000
       1287.0000       0.0000000
       1288.0000       0.0000000
       1289.0000       0.0000000
       1290.0000       0.0000000
       1291.0000       0.0000000
       1292.0000       0.0000000
       1293.0000       0.0000000
       1294.0000       0.0000000
       1295.0000       0.0000000
       1296.0000       0.0000000
       1297.0000       0.0000000
       1298.0000       0.0000000
       1299.0000       0.0000000
       1300.0000       0.0000000
       1301.0000       0.0000000
       1302.0000       0.0000000
       1303.0000       0.0000000
       1304.0000       0.0000000
       1305.0000       0.0000000
       1306.0000       0.0000000
       1307.0000       0.0000000
       1308.0000       0.0000000
       1309.0000       0.0000000
       1310.0000       0.0000000
       1311.0000       0.0000000
       1312.0000       0.0000000
       1313.0000       0.0000000
       1314.0000       0.0000000
       1315.0000       0.0000000
       1316.0000       0.0000000
       1317.0000       0.0000000
       1318.0000       0.0000000
       1319.0000       0.0000000
       1320.0000       0.0000000
       1321.0000       0.0000000
       1322.0000       0.0000000
       1323.0000       0.0000000
       1324.0000       0.0000000
       1325.0000       0.0000000
       1326.0000       0.0000000
       1327.0000       0.0000000
       1328.0000       0.0000000
       1329.0000       0.0000000
       1330.0000       0.0000000
       1331.0000       0.0000000
       1332.0000       0.0000000
       1333.0000       0.0000000
       1334.0000       0.0000000
       1335.0000       0.0000000
       1336.0000       0.0000000
       1337.0000       0.0000000
       1338.0000       0.0000000
       1339.0000       0.0000000
       1340.0000       0.0000000
       1341.0000       0.0000000
       1342.0000       0.0000000
       1343.0000       0.0000000
       1344.0000       0.0000000
       1345.0000       0.0000000
       1346.0000       0.0000000
       1347.0000       0.0000000
       1348.0000       0.0000000
       1349.0000       0.0000000
       1350.0000       0.0000000
       1351.0000       0.0000000
       1352.0000       0.0000000
       1353.0000       0.0000000
       1354.0000       0.0000000
       1355.0000       0.0000000
       1356.0000       0.0000000
       1357.0000       0.0000000
       1358.0000       0.0000000
       1359.0000       0.0000000
       1360.0000       0.0000000
       1361.0000       0.0000000
       1362.0000       0.0000000
       1363.0000       0.0000000
       1364.0000       0.0000000
       1365.0000       0.0000000
       1366.0000       0.0000000
       1367.0000       0.0000000
       1368.0000       0.0000000
       1369.0000       0.0000000
       1370.0000       0.0000000
       1371.0000       0.0000000
       1372.0000       0.0000000
       1373.0000       0.0000000
       1374.0000       0.0000000
       1375.0000       0.0000000
       1376.0000       0.0000000
       1377.0000       0.0000000
       1378.0000       0.0000000
       1379.0000       0.0000000
       1380.0000       0.0000000
       1381.0000       0.0000000
       1382.0000       0.0000000
       1383.0000       0.0000000
       1384.0000       0.0000000
       1385.0000       0.0000000
       1386.0000       0.0000000
       1387.0000       0.0000000
       1388.0000       0.0000000
       1389.0000       0.0000000
       1390.0000       0.0000000
       1391.0000       0.0000000
       1392.0000       0.0000000
       1393.0000       0.0000000
       1394.0000       0.0000000
       1395.0000       0.0000000
       1396.0000       0.0000000
       1397.0000       0.0000000
       1398.0000       0.0000000
       1399.0000       0.0000000
       1400.0000       0.0000000
       1401.0000       0.0000000
       1402.0000       0.0000000
       1403.0000       0.0000000
       1404.0000       0.0000000
       1405.0000       0.0000000
       1406.0000       0.0000000
       1407.0000       0.0000000
       1408.0000       0.0000000
       1409.0000       0.0000000
       1410.0000       0.0000000
       1411.0000       0.0000000
       1412.0000       0.0000000
       1413.0000       0.0000000
       1414.0000       0.0000000
       1415.0000       0.0000000
       1416.0000       0.0000000
       1417.0000       0.0000000
       1418.0000       0.0000000
       1419.0000       0.0000000
       1420.0000       0.0000000
       1421.0000       0.0000000
       1422.0000       0.0000000
       1423.0000       0.0000000
       1424.0000       0.0000000
       1425.0000       0.0000000
       1426.0000       0.0000000
       1427.0000       0.0000000
       1428.0000       0.0000000
       1429.0000       0.0000000
       1430.0000       0.0000000
       1431.0000       0.0000000
       1432.0000       0.0000000
       1433.0000       0.0000000
       1434.0000       0.0000000
       1435.0000       0.0000000
       1436.0000       0.0000000
       1437.0000       0.0000000
       1438.0000       0.0000000
       1439.0000       0.0000000
       1440.0000       0.0000000
       1441.0000       0.0000000
       1442.0000       0.0000000
       1443.0000       0.0000000
       1444.0000       0.0000000
       1445.0000       0.0000000
       1446.0000       0.0000000
       1447.0000       0.0000000
       1448.0000       0.0000000
       1449.0000       0.0000000
       1450.0000       0.0000000
       1451.0000       0.0000000
       1452.0000       0.0000000
       1453.0000       0.0000000
       1454.0000       0.0000000
       1455.0000       0.0000000
       1456.0000       0.0000000
       1457.0000       0.0000000
       1458.0000       0.0000000
       1459.0000       0.0000000
       1460.0000       0.0000000
       1461.0000       0.0000000
       1462.0000       0.0000000
       1463.0000       0.0000000
       1464.0000       0.0000000
       1465.0000       0.0000000
       1466.0000       0.0000000
       1467.0000       0.0000000
       1468.0000       0.0000000
       1469.0000       0.0000000
       1470.0000       0.0000000
       1471.0000       0.0000000
       1472.0000       0.0000000
       1473.0000       0.0000000
       1474.0000       0.0000000
       1475.0000       0.0000000
       1476.0000       0.0000000
       1477.0000       0.0000000
       1478.0000       0.0000000
       1479.0000       0.0000000
       1480.0000       0.0000000
       1481.0000       0.0000000
       1482.0000       0.0000000
       1483.0000       0.0000000
       1484.0000       0.0000000
       1485.0000       0.0000000
       1486.0000       0.0000000
       1487.0000       0.0000000
       1488.0000       0.0000000
       1489.0000       0.0000000
       1490.0000       0.0000000
       1491.0000       0.0000000
       1492.0000       0.0000000
       1493.0000       0.0000000
       1494.0000       0.0000000
       1495.0000       0.0000000
       1496.0000       0.0000000
       1497.0000       0.0000000
       1498.0000       0.0000000
       1499.0000       0.0000000
       1500.0000       0.0000000
       1501.0000       0.0000000
       1502.0000       0.0000000
       1503.0000       0.0000000
       1504.0000       0.0000000
       1505.0000       0.0000000
       1506.0000       0.0000000
       1507.0000       0.0000000
       1508.0000       0.0000000
       1509.0000       0.0000000
       1510.0000       0.0000000
       1511.0000       0.0000000
       1512.0000       0.0000000
       1513.0000       0.0000000
       1514.0000       0.0000000
       1515.0000       0.0000000
       1516.0000       0.0000000
       1517.0000       0.0000000
       1518.0000       0.0000000
       1519.0000       0.0000000
       1520.0000       0.0000000
       1521.0000       0.0000000
       1522.0000       0.0000000
       1523.0000       0.0000000
       1524.0000       0.0000000
       1525.0000       0.0000000
       1526.0000       0.0000000
       1527.0000       0.0000000
       1528.0000       0.0000000
       1529.0000       0.0000000
       1530.0000       0.0000000
       1531.0000       0.0000000
       1532.0000       0.0000000
       1533.0000       0.0000000
       1534.0000       0.0000000
       1535.0000       0.0000000
