       0.0000000       0.0000000
       1.0000000       0.0000000
       2.0000000       0.0000000
       3.0000000       0.0000000
       4.0000000       0.0000000
       5.0000000       0.0000000
       6.0000000       0.0000000
       7.0000000       0.0000000
       8.0000000       0.0000000
       9.0000000       0.0000000
       10.000000       0.0000000
       11.000000       0.0000000
       12.000000    0.0020804720
       13.000000    0.0069710682
       14.000000    0.0099706696
       15.000000     0.011383731
       16.000000     0.011452412
       17.000000     0.010370641
       18.000000    0.0088709839
       19.000000    0.0071999194
       20.000000    0.0055243979
       21.000000    0.0039577590
       22.000000    0.0025788696
       23.000000    0.0014476775
       24.000000   0.00060964687
       25.000000   9.9209595e-05
       26.000000       0.0000000
       27.000000       0.0000000
       28.000000       0.0000000
       29.000000       0.0000000
       30.000000       0.0000000
       31.000000       0.0000000
       32.000000       0.0000000
       33.000000       0.0000000
       34.000000       0.0000000
       35.000000       0.0000000
       36.000000       0.0000000
       37.000000       0.0000000
       38.000000       0.0000000
       39.000000       0.0000000
       40.000000       0.0000000
       41.000000       0.0000000
       42.000000   2.1559518e-05
       43.000000   8.1768508e-05
       44.000000   0.00015043687
       45.000000   0.00022765318
       46.000000   0.00031316901
       47.000000   0.00040705887
       48.000000   0.00050868299
       49.000000   0.00061804954
       50.000000   0.00073533972
       51.000000   0.00086019884
       52.000000   0.00099183878
       53.000000    0.0011296888
       54.000000    0.0012731672
       55.000000    0.0014220725
       56.000000    0.0015758564
       57.000000    0.0017336878
       58.000000    0.0018943216
       59.000000    0.0020567818
       60.000000    0.0022204448
       61.000000    0.0023850399
       62.000000    0.0025498102
       63.000000    0.0027145110
       64.000000    0.0028780778
       65.000000    0.0030398162
       66.000000    0.0031995570
       67.000000    0.0033572124
       68.000000    0.0035123867
       69.000000    0.0036645843
       70.000000    0.0038134275
       71.000000    0.0039587273
       72.000000    0.0040998989
       73.000000    0.0042371033
       74.000000    0.0043699550
       75.000000    0.0044981933
       76.000000    0.0046217469
       77.000000    0.0047409063
       78.000000    0.0048559447
       79.000000    0.0049671845
       80.000000    0.0050749064
       81.000000    0.0051794211
       82.000000    0.0052806926
       83.000000    0.0053792479
       84.000000    0.0054754415
       85.000000    0.0055700344
       86.000000    0.0056630132
       87.000000    0.0057542867
       88.000000    0.0058433805
       89.000000    0.0059299464
       90.000000    0.0060135247
       91.000000    0.0060942800
       92.000000    0.0061719402
       93.000000    0.0062458060
       94.000000    0.0063143647
       95.000000    0.0063768236
       96.000000    0.0064325505
       97.000000    0.0064816901
       98.000000    0.0065242661
       99.000000    0.0065606287
       100.00000    0.0065908125
       101.00000    0.0066150921
       102.00000    0.0066343929
       103.00000    0.0066499834
       104.00000    0.0066632094
       105.00000    0.0066749866
       106.00000    0.0066857992
       107.00000    0.0066961808
       108.00000    0.0067065492
       109.00000    0.0067173507
       110.00000    0.0067286224
       111.00000    0.0067403719
       112.00000    0.0067523829
       113.00000    0.0067644874
       114.00000    0.0067767601
       115.00000    0.0067890458
       116.00000    0.0068015566
       117.00000    0.0068143766
       118.00000    0.0068269529
       119.00000    0.0068392312
       120.00000    0.0068508901
       121.00000    0.0068621580
       122.00000    0.0068725320
       123.00000    0.0068817466
       124.00000    0.0068894306
       125.00000    0.0068954229
       126.00000    0.0068995458
       127.00000    0.0069024895
       128.00000    0.0069051189
       129.00000    0.0069080999
       130.00000    0.0069117980
       131.00000    0.0069166074
       132.00000    0.0069229960
       133.00000    0.0069315199
       134.00000    0.0069417923
       135.00000    0.0069535341
       136.00000    0.0069660852
       137.00000    0.0069783613
       138.00000    0.0069894003
       139.00000    0.0069981076
       140.00000    0.0070040235
       141.00000    0.0070065605
       142.00000    0.0070055104
       143.00000    0.0070011702
       144.00000    0.0069933383
       145.00000    0.0069823639
       146.00000    0.0069682819
       147.00000    0.0069513208
       148.00000    0.0069325444
       149.00000    0.0069135804
       150.00000    0.0068948819
       151.00000    0.0068759699
       152.00000    0.0068546971
       153.00000    0.0068308792
       154.00000    0.0068047088
       155.00000    0.0067773111
       156.00000    0.0067498067
       157.00000    0.0067225568
       158.00000    0.0066923995
       159.00000    0.0066570125
       160.00000    0.0066151598
       161.00000    0.0065699760
       162.00000    0.0065230996
       163.00000    0.0064736368
       164.00000    0.0064194969
       165.00000    0.0063596778
       166.00000    0.0062915687
       167.00000    0.0062165000
       168.00000    0.0061379844
       169.00000    0.0060595890
       170.00000    0.0059810852
       171.00000    0.0059019687
       172.00000    0.0058220044
       173.00000    0.0057427149
       174.00000    0.0056637938
       175.00000    0.0055883531
       176.00000    0.0055187585
       177.00000    0.0054556737
       178.00000    0.0053989074
       179.00000    0.0053484558
       180.00000    0.0053026283
       181.00000    0.0052628435
       182.00000    0.0052283764
       183.00000    0.0051990493
       184.00000    0.0051719714
       185.00000    0.0051464119
       186.00000    0.0051208470
       187.00000    0.0050937498
       188.00000    0.0050649113
       189.00000    0.0050364969
       190.00000    0.0050070516
       191.00000    0.0049760057
       192.00000    0.0049423924
       193.00000    0.0049080610
       194.00000    0.0048701350
       195.00000    0.0048250158
       196.00000    0.0047703752
       197.00000    0.0047032995
       198.00000    0.0046214980
       199.00000    0.0045259637
       200.00000    0.0044196741
       201.00000    0.0043069730
       202.00000    0.0041880663
       203.00000    0.0040644500
       204.00000    0.0039398606
       205.00000    0.0038175247
       206.00000    0.0037013779
       207.00000    0.0035938743
       208.00000    0.0034964853
       209.00000    0.0034076711
       210.00000    0.0033247481
       211.00000    0.0032480195
       212.00000    0.0031789894
       213.00000    0.0031185895
       214.00000    0.0030670539
       215.00000    0.0030232205
       216.00000    0.0029866585
       217.00000    0.0029559765
       218.00000    0.0029313856
       219.00000    0.0029131142
       220.00000    0.0029007145
       221.00000    0.0028931484
       222.00000    0.0028886437
       223.00000    0.0028862131
       224.00000    0.0028856089
       225.00000    0.0028861017
       226.00000    0.0028876617
       227.00000    0.0028899243
       228.00000    0.0028928565
       229.00000    0.0028959889
       230.00000    0.0028992151
       231.00000    0.0029029082
       232.00000    0.0029066795
       233.00000    0.0029102846
       234.00000    0.0029138940
       235.00000    0.0029174522
       236.00000    0.0029207127
       237.00000    0.0029235000
       238.00000    0.0029263404
       239.00000    0.0029293809
       240.00000    0.0029324688
       241.00000    0.0029362524
       242.00000    0.0029413989
       243.00000    0.0029481942
       244.00000    0.0029566680
       245.00000    0.0029671067
       246.00000    0.0029791730
       247.00000    0.0029921359
       248.00000    0.0030055808
       249.00000    0.0030192495
       250.00000    0.0030325923
       251.00000    0.0030445914
       252.00000    0.0030545079
       253.00000    0.0030620538
       254.00000    0.0030665984
       255.00000    0.0030684047
       256.00000    0.0030676416
       257.00000    0.0030644337
       258.00000    0.0030592442
       259.00000    0.0030521018
       260.00000    0.0030435115
       261.00000    0.0030337597
       262.00000    0.0030231817
       263.00000    0.0030125780
       264.00000    0.0030022718
       265.00000    0.0029929072
       266.00000    0.0029848528
       267.00000    0.0029780804
       268.00000    0.0029726703
       269.00000    0.0029686390
       270.00000    0.0029661952
       271.00000    0.0029652404
       272.00000    0.0029654182
       273.00000    0.0029666027
       274.00000    0.0029683790
       275.00000    0.0029707368
       276.00000    0.0029734075
       277.00000    0.0029764921
       278.00000    0.0029798061
       279.00000    0.0029830674
       280.00000    0.0029860759
       281.00000    0.0029885264
       282.00000    0.0029899674
       283.00000    0.0029898883
       284.00000    0.0029876249
       285.00000    0.0029832652
       286.00000    0.0029767533
       287.00000    0.0029684547
       288.00000    0.0029585971
       289.00000    0.0029474848
       290.00000    0.0029356366
       291.00000    0.0029237164
       292.00000    0.0029127872
       293.00000    0.0029034626
       294.00000    0.0028958205
       295.00000    0.0028897475
       296.00000    0.0028848445
       297.00000    0.0028807499
       298.00000    0.0028770414
       299.00000    0.0028733623
       300.00000    0.0028690431
       301.00000    0.0028632284
       302.00000    0.0028558268
       303.00000    0.0028469166
       304.00000    0.0028365869
       305.00000    0.0028251828
       306.00000    0.0028133895
       307.00000    0.0028016850
       308.00000    0.0027901410
       309.00000    0.0027791186
       310.00000    0.0027690188
       311.00000    0.0027596584
       312.00000    0.0027507283
       313.00000    0.0027422541
       314.00000    0.0027341456
       315.00000    0.0027260459
       316.00000    0.0027180134
       317.00000    0.0027106287
       318.00000    0.0027041942
       319.00000    0.0026986690
       320.00000    0.0026943141
       321.00000    0.0026916310
       322.00000    0.0026908439
       323.00000    0.0026919882
       324.00000    0.0026947896
       325.00000    0.0026987573
       326.00000    0.0027030834
       327.00000    0.0027069513
       328.00000    0.0027101495
       329.00000    0.0027122987
       330.00000    0.0027128497
       331.00000    0.0027114163
       332.00000    0.0027077874
       333.00000    0.0027022352
       334.00000    0.0026950631
       335.00000    0.0026864162
       336.00000    0.0026769030
       337.00000    0.0026668771
       338.00000    0.0026565410
       339.00000    0.0026459817
       340.00000    0.0026353338
       341.00000    0.0026247570
       342.00000    0.0026143020
       343.00000    0.0026038261
       344.00000    0.0025935932
       345.00000    0.0025834334
       346.00000    0.0025730795
       347.00000    0.0025626267
       348.00000    0.0025525079
       349.00000    0.0025428813
       350.00000    0.0025337088
       351.00000    0.0025249528
       352.00000    0.0025169601
       353.00000    0.0025099491
       354.00000    0.0025040602
       355.00000    0.0024993786
       356.00000    0.0024959526
       357.00000    0.0024934459
       358.00000    0.0024914305
       359.00000    0.0024896623
       360.00000    0.0024880677
       361.00000    0.0024863355
       362.00000    0.0024840566
       363.00000    0.0024813200
       364.00000    0.0024783463
       365.00000    0.0024749125
       366.00000    0.0024710218
       367.00000    0.0024671322
       368.00000    0.0024637198
       369.00000    0.0024608869
       370.00000    0.0024584259
       371.00000    0.0024563756
       372.00000    0.0024544488
       373.00000    0.0024523581
       374.00000    0.0024502456
       375.00000    0.0024482301
       376.00000    0.0024461162
       377.00000    0.0024434522
       378.00000    0.0024401066
       379.00000    0.0024363550
       380.00000    0.0024321691
       381.00000    0.0024275042
       382.00000    0.0024220844
       383.00000    0.0024160033
       384.00000    0.0024093414
       385.00000    0.0024021052
       386.00000    0.0023944171
       387.00000    0.0023861480
       388.00000    0.0023773756
       389.00000    0.0023682445
       390.00000    0.0023588936
       391.00000    0.0023499224
       392.00000    0.0023411218
       393.00000    0.0023322605
       394.00000    0.0023235230
       395.00000    0.0023151872
       396.00000    0.0023076762
       397.00000    0.0023008097
       398.00000    0.0022947270
       399.00000    0.0022896431
       400.00000    0.0022853392
       401.00000    0.0022821254
       402.00000    0.0022799461
       403.00000    0.0022784938
       404.00000    0.0022775681
       405.00000    0.0022768447
       406.00000    0.0022765497
       407.00000    0.0022762017
       408.00000    0.0022752233
       409.00000    0.0022733601
       410.00000    0.0022700901
       411.00000    0.0022654024
       412.00000    0.0022594517
       413.00000    0.0022521356
       414.00000    0.0022435120
       415.00000    0.0022335421
       416.00000    0.0022225805
       417.00000    0.0022109935
       418.00000    0.0021989863
       419.00000    0.0021869867
       420.00000    0.0021753780
       421.00000    0.0021641791
       422.00000    0.0021533606
       423.00000    0.0021428448
       424.00000    0.0021323654
       425.00000    0.0021217968
       426.00000    0.0021112760
       427.00000    0.0021009163
       428.00000    0.0020906014
       429.00000    0.0020801144
       430.00000    0.0020694509
       431.00000    0.0020589534
       432.00000    0.0020489388
       433.00000    0.0020396772
       434.00000    0.0020310079
       435.00000    0.0020228450
       436.00000    0.0020152466
       437.00000    0.0020082823
       438.00000    0.0020021265
       439.00000    0.0019967578
       440.00000    0.0019920304
       441.00000    0.0019877764
       442.00000    0.0019839000
       443.00000    0.0019809570
       444.00000    0.0019790418
       445.00000    0.0019778288
       446.00000    0.0019773178
       447.00000    0.0019771763
       448.00000    0.0019774760
       449.00000    0.0019779873
       450.00000    0.0019785909
       451.00000    0.0019794297
       452.00000    0.0019794830
       453.00000    0.0019784613
       454.00000    0.0019764190
       455.00000    0.0019730699
       456.00000    0.0019685710
       457.00000    0.0019628439
       458.00000    0.0019561942
       459.00000    0.0019486699
       460.00000    0.0019399605
       461.00000    0.0019313107
       462.00000    0.0019228395
       463.00000    0.0019147067
       464.00000    0.0019071100
       465.00000    0.0018999822
       466.00000    0.0018933378
       467.00000    0.0018870073
       468.00000    0.0018810332
       469.00000    0.0018755795
       470.00000    0.0018700301
       471.00000    0.0018644154
       472.00000    0.0018586456
       473.00000    0.0018527353
       474.00000    0.0018468144
       475.00000    0.0018409071
       476.00000    0.0018350749
       477.00000    0.0018292778
       478.00000    0.0018235284
       479.00000    0.0018178772
       480.00000    0.0018123341
       481.00000    0.0018069649
       482.00000    0.0018017261
       483.00000    0.0017965578
       484.00000    0.0017914699
       485.00000    0.0017864331
       486.00000    0.0017814712
       487.00000    0.0017765486
       488.00000    0.0017716812
       489.00000    0.0017668580
       490.00000    0.0017619737
       491.00000    0.0017570852
       492.00000    0.0017521425
       493.00000    0.0017470842
       494.00000    0.0017419056
       495.00000    0.0017366335
       496.00000    0.0017313354
       497.00000    0.0017259676
       498.00000    0.0017205343
       499.00000    0.0017151438
       500.00000    0.0017097409
       501.00000    0.0017043381
       502.00000    0.0016989119
       503.00000    0.0016934863
       504.00000    0.0016880110
       505.00000    0.0016823958
       506.00000    0.0016766620
       507.00000    0.0016707754
       508.00000    0.0016646863
       509.00000    0.0016584347
       510.00000    0.0016520839
       511.00000    0.0016457571
       512.00000    0.0016394384
       513.00000    0.0016331775
       514.00000    0.0016270937
       515.00000    0.0016212760
       516.00000    0.0016158112
       517.00000    0.0016107093
       518.00000    0.0016059638
       519.00000    0.0016015349
       520.00000    0.0015972954
       521.00000    0.0015932514
       522.00000    0.0015893813
       523.00000    0.0015855563
       524.00000    0.0015816582
       525.00000    0.0015775876
       526.00000    0.0015734047
       527.00000    0.0015691141
       528.00000    0.0015647116
       529.00000    0.0015602487
       530.00000    0.0015557413
       531.00000    0.0015511702
       532.00000    0.0015465814
       533.00000    0.0015420032
       534.00000    0.0015374707
       535.00000    0.0015328976
       536.00000    0.0015282974
       537.00000    0.0015237131
       538.00000    0.0015191531
       539.00000    0.0015145912
       540.00000    0.0015100651
       541.00000    0.0015056293
       542.00000    0.0015013214
       543.00000    0.0014971650
       544.00000    0.0014931507
       545.00000    0.0014892381
       546.00000    0.0014853718
       547.00000    0.0014815144
       548.00000    0.0014776654
       549.00000    0.0014738127
       550.00000    0.0014698610
       551.00000    0.0014657140
       552.00000    0.0014613431
       553.00000    0.0014568215
       554.00000    0.0014521231
       555.00000    0.0014472848
       556.00000    0.0014423699
       557.00000    0.0014373612
       558.00000    0.0014322370
       559.00000    0.0014271024
       560.00000    0.0014220504
       561.00000    0.0014170438
       562.00000    0.0014120326
       563.00000    0.0014071371
       564.00000    0.0014023285
       565.00000    0.0013975541
       566.00000    0.0013928327
       567.00000    0.0013881836
       568.00000    0.0013835265
       569.00000    0.0013788274
       570.00000    0.0013741515
       571.00000    0.0013695056
       572.00000    0.0013648101
       573.00000    0.0013600484
       574.00000    0.0013552187
       575.00000    0.0013503482
       576.00000    0.0013454567
       577.00000    0.0013405991
       578.00000    0.0013357820
       579.00000    0.0013309986
       580.00000    0.0013262664
       581.00000    0.0013216006
       582.00000    0.0013170903
       583.00000    0.0013128143
       584.00000    0.0013087337
       585.00000    0.0013047760
       586.00000    0.0013008626
       587.00000    0.0012969277
       588.00000    0.0012929056
       589.00000    0.0012887819
       590.00000    0.0012845016
       591.00000    0.0012799654
       592.00000    0.0012750977
       593.00000    0.0012699081
       594.00000    0.0012644415
       595.00000    0.0012587735
       596.00000    0.0012530589
       597.00000    0.0012474186
       598.00000    0.0012418536
       599.00000    0.0012364210
       600.00000    0.0012311706
       601.00000    0.0012261226
       602.00000    0.0012212778
       603.00000    0.0012166687
       604.00000    0.0012122812
       605.00000    0.0012080343
       606.00000    0.0012038910
       607.00000    0.0011998684
       608.00000    0.0011959919
       609.00000    0.0011922685
       610.00000    0.0011886491
       611.00000    0.0011851488
       612.00000    0.0011816889
       613.00000    0.0011782609
       614.00000    0.0011748307
       615.00000    0.0011713460
       616.00000    0.0011677586
       617.00000    0.0011640116
       618.00000    0.0011601222
       619.00000    0.0011561806
       620.00000    0.0011521682
       621.00000    0.0011482252
       622.00000    0.0011443406
       623.00000    0.0011405531
       624.00000    0.0011368620
       625.00000    0.0011333331
       626.00000    0.0011300074
       627.00000    0.0011267469
       628.00000    0.0011234658
       629.00000    0.0011202220
       630.00000    0.0011169168
       631.00000    0.0011136011
       632.00000    0.0011102561
       633.00000    0.0011069386
       634.00000    0.0011036719
       635.00000    0.0011004842
       636.00000    0.0010975664
       637.00000    0.0010949997
       638.00000    0.0010927432
       639.00000    0.0010907955
       640.00000    0.0010890982
       641.00000    0.0010876578
       642.00000    0.0010864354
       643.00000    0.0010852833
       644.00000    0.0010841136
       645.00000    0.0010828093
       646.00000    0.0010813620
       647.00000    0.0010797290
       648.00000    0.0010779027
       649.00000    0.0010759088
       650.00000    0.0010737738
       651.00000    0.0010714989
       652.00000    0.0010691992
       653.00000    0.0010668776
       654.00000    0.0010645656
       655.00000    0.0010621550
       656.00000    0.0010596737
       657.00000    0.0010571477
       658.00000    0.0010545919
       659.00000    0.0010519565
       660.00000    0.0010492360
       661.00000    0.0010463969
       662.00000    0.0010435149
       663.00000    0.0010405911
       664.00000    0.0010377382
       665.00000    0.0010350170
       666.00000    0.0010324260
       667.00000    0.0010299091
       668.00000    0.0010274882
       669.00000    0.0010251805
       670.00000    0.0010230121
       671.00000    0.0010209277
       672.00000    0.0010189432
       673.00000    0.0010170368
       674.00000    0.0010150945
       675.00000    0.0010130898
       676.00000    0.0010110419
       677.00000    0.0010089037
       678.00000    0.0010065970
       679.00000    0.0010040997
       680.00000    0.0010014432
       681.00000   0.00099862353
       682.00000   0.00099566953
       683.00000   0.00099271405
       684.00000   0.00098978944
       685.00000   0.00098691595
       686.00000   0.00098413899
       687.00000   0.00098156414
       688.00000   0.00097920389
       689.00000   0.00097702528
       690.00000   0.00097502028
       691.00000   0.00097310794
       692.00000   0.00097114129
       693.00000   0.00096911859
       694.00000   0.00096702761
       695.00000   0.00096487833
       696.00000   0.00096261525
       697.00000   0.00096017858
       698.00000   0.00095761426
       699.00000   0.00095488966
       700.00000   0.00095208371
       701.00000   0.00094931886
       702.00000   0.00094660314
       703.00000   0.00094394152
       704.00000   0.00094136035
       705.00000   0.00093890089
       706.00000   0.00093664047
       707.00000   0.00093448726
       708.00000   0.00093249384
       709.00000   0.00093057803
       710.00000   0.00092859941
       711.00000   0.00092645249
       712.00000   0.00092410433
       713.00000   0.00092148486
       714.00000   0.00091856229
       715.00000   0.00091535257
       716.00000   0.00091199034
       717.00000   0.00090843623
       718.00000   0.00090469702
       719.00000   0.00090090062
       720.00000   0.00089719454
       721.00000   0.00089363886
       722.00000   0.00089025647
       723.00000   0.00088704509
       724.00000   0.00088395188
       725.00000   0.00088086253
       726.00000   0.00087775203
       727.00000   0.00087466406
       728.00000   0.00087155967
       729.00000   0.00086838530
       730.00000   0.00086509077
       731.00000   0.00086175391
       732.00000   0.00085842170
       733.00000   0.00085507223
       734.00000   0.00085173881
       735.00000   0.00084847904
       736.00000   0.00084530311
       737.00000   0.00084222732
       738.00000   0.00083920475
       739.00000   0.00083626227
       740.00000   0.00083327238
       741.00000   0.00083019708
       742.00000   0.00082705950
       743.00000   0.00082386885
       744.00000   0.00082062080
       745.00000   0.00081729484
       746.00000   0.00081386512
       747.00000   0.00081035203
       748.00000   0.00080682616
       749.00000   0.00080337574
       750.00000   0.00080000718
       751.00000   0.00079679272
       752.00000   0.00079376177
       753.00000   0.00079087378
       754.00000   0.00078812310
       755.00000   0.00078549850
       756.00000   0.00078308246
       757.00000   0.00078078147
       758.00000   0.00077854084
       759.00000   0.00077635314
       760.00000   0.00077410758
       761.00000   0.00077175488
       762.00000   0.00076933537
       763.00000   0.00076681730
       764.00000   0.00076423024
       765.00000   0.00076149741
       766.00000   0.00075860500
       767.00000   0.00075557725
       768.00000   0.00075239224
       769.00000   0.00074912371
       770.00000   0.00074580462
       771.00000   0.00074240909
       772.00000   0.00073899415
       773.00000   0.00073553230
       774.00000   0.00073201020
       775.00000   0.00072845409
       776.00000   0.00072488212
       777.00000   0.00072135520
       778.00000   0.00071784145
       779.00000   0.00071427353
       780.00000   0.00071062783
       781.00000   0.00070689378
       782.00000   0.00070310154
       783.00000   0.00069923666
       784.00000   0.00069529368
       785.00000   0.00069125033
       786.00000   0.00068705813
       787.00000   0.00068267793
       788.00000   0.00067819323
       789.00000   0.00067368405
       790.00000   0.00066916262
       791.00000   0.00066462106
       792.00000   0.00066013752
       793.00000   0.00065575945
       794.00000   0.00065151357
       795.00000   0.00064742548
       796.00000   0.00064358569
       797.00000   0.00064000465
       798.00000   0.00063663407
       799.00000   0.00063345485
       800.00000   0.00063048591
       801.00000   0.00062772730
       802.00000   0.00062515189
       803.00000   0.00062273174
       804.00000   0.00062039450
       805.00000   0.00061811896
       806.00000   0.00061588106
       807.00000   0.00061377195
       808.00000   0.00061186072
       809.00000   0.00061022595
       810.00000   0.00060887404
       811.00000   0.00060777509
       812.00000   0.00060691488
       813.00000   0.00060642130
       814.00000   0.00060627100
       815.00000   0.00060643767
       816.00000   0.00060677230
       817.00000   0.00060716910
       818.00000   0.00060745854
       819.00000   0.00060752670
       820.00000   0.00060739298
       821.00000   0.00060715187
       822.00000   0.00060672246
       823.00000   0.00060613225
       824.00000   0.00060540340
       825.00000   0.00060463458
       826.00000   0.00060384442
       827.00000   0.00060306365
       828.00000   0.00060243169
       829.00000   0.00060198286
       830.00000   0.00060159933
       831.00000   0.00060122703
       832.00000   0.00060081545
       833.00000   0.00060028493
       834.00000   0.00059952678
       835.00000   0.00059854731
       836.00000   0.00059743877
       837.00000   0.00059606814
       838.00000   0.00059435493
       839.00000   0.00059236510
       840.00000   0.00059022138
       841.00000   0.00058796354
       842.00000   0.00058567140
       843.00000   0.00058339681
       844.00000   0.00058112895
       845.00000   0.00057877763
       846.00000   0.00057637298
       847.00000   0.00057399256
       848.00000   0.00057159470
       849.00000   0.00056911011
       850.00000   0.00056647847
       851.00000   0.00056370222
       852.00000   0.00056088016
       853.00000   0.00055801313
       854.00000   0.00055513008
       855.00000   0.00055230213
       856.00000   0.00054948458
       857.00000   0.00054672844
       858.00000   0.00054403805
       859.00000   0.00054148489
       860.00000   0.00053900594
       861.00000   0.00053643677
       862.00000   0.00053383748
       863.00000   0.00053126176
       864.00000   0.00052866105
       865.00000   0.00052604299
       866.00000   0.00052336064
       867.00000   0.00052066376
       868.00000   0.00051797332
       869.00000   0.00051543400
       870.00000   0.00051315506
       871.00000   0.00051108737
       872.00000   0.00050917622
       873.00000   0.00050743331
       874.00000   0.00050586137
       875.00000   0.00050446662
       876.00000   0.00050317941
       877.00000   0.00050189885
       878.00000   0.00050051399
       879.00000   0.00049898514
       880.00000   0.00049733349
       881.00000   0.00049554868
       882.00000   0.00049360009
       883.00000   0.00049148454
       884.00000   0.00048923557
       885.00000   0.00048686069
       886.00000   0.00048441389
       887.00000   0.00048181631
       888.00000   0.00047908640
       889.00000   0.00047618933
       890.00000   0.00047311240
       891.00000   0.00046991350
       892.00000   0.00046662203
       893.00000   0.00046319651
       894.00000   0.00045967205
       895.00000   0.00045604031
       896.00000   0.00045248038
       897.00000   0.00044900952
       898.00000   0.00044561075
       899.00000   0.00044229965
       900.00000   0.00043903396
       901.00000   0.00043577926
       902.00000   0.00043251599
       903.00000   0.00042916836
       904.00000   0.00042571634
       905.00000   0.00042205301
       906.00000   0.00041813178
       907.00000   0.00041401691
       908.00000   0.00040976567
       909.00000   0.00040543526
       910.00000   0.00040109023
       911.00000   0.00039680691
       912.00000   0.00039272771
       913.00000   0.00038895983
       914.00000   0.00038552534
       915.00000   0.00038248426
       916.00000   0.00037986478
       917.00000   0.00037764815
       918.00000   0.00037578951
       919.00000   0.00037420537
       920.00000   0.00037288976
       921.00000   0.00037175846
       922.00000   0.00037072661
       923.00000   0.00036980624
       924.00000   0.00036900686
       925.00000   0.00036829877
       926.00000   0.00036763385
       927.00000   0.00036704041
       928.00000   0.00036657124
       929.00000   0.00036622461
       930.00000   0.00036605090
       931.00000   0.00036603564
       932.00000   0.00036620886
       933.00000   0.00036658480
       934.00000   0.00036716512
       935.00000   0.00036806686
       936.00000   0.00036926495
       937.00000   0.00037075180
       938.00000   0.00037246620
       939.00000   0.00037430439
       940.00000   0.00037630610
       941.00000   0.00037848001
       942.00000   0.00038068554
       943.00000   0.00038286231
       944.00000   0.00038486733
       945.00000   0.00038669985
       946.00000   0.00038833080
       947.00000   0.00038979899
       948.00000   0.00039115693
       949.00000   0.00039238566
       950.00000   0.00039336899
       951.00000   0.00039414133
       952.00000   0.00039470398
       953.00000   0.00039508847
       954.00000   0.00039520654
       955.00000   0.00039506654
       956.00000   0.00039463074
       957.00000   0.00039389205
       958.00000   0.00039275048
       959.00000   0.00039120944
       960.00000   0.00038939392
       961.00000   0.00038737606
       962.00000   0.00038519149
       963.00000   0.00038297435
       964.00000   0.00038067030
       965.00000   0.00037830335
       966.00000   0.00037591970
       967.00000   0.00037370225
       968.00000   0.00037173908
       969.00000   0.00036988855
       970.00000   0.00036806435
       971.00000   0.00036623184
       972.00000   0.00036429848
       973.00000   0.00036239380
       974.00000   0.00036056502
       975.00000   0.00035878479
       976.00000   0.00035691598
       977.00000   0.00035492727
       978.00000   0.00035290288
       979.00000   0.00035089126
       980.00000   0.00034890826
       981.00000   0.00034698021
       982.00000   0.00034503475
       983.00000   0.00034299183
       984.00000   0.00034081570
       985.00000   0.00033862423
       986.00000   0.00033643589
       987.00000   0.00033423666
       988.00000   0.00033201700
       989.00000   0.00032979540
       990.00000   0.00032763909
       991.00000   0.00032554337
       992.00000   0.00032351900
       993.00000   0.00032159981
       994.00000   0.00031971666
       995.00000   0.00031785240
       996.00000   0.00031599277
       997.00000   0.00031410657
       998.00000   0.00031211368
       999.00000   0.00030998071
       1000.0000   0.00030770297
       1001.0000   0.00030526496
       1002.0000   0.00030261038
       1003.0000   0.00029970714
       1004.0000   0.00029653470
       1005.0000   0.00029312626
       1006.0000   0.00028950546
       1007.0000   0.00028574174
       1008.0000   0.00028177978
       1009.0000   0.00027752990
       1010.0000   0.00027302386
       1011.0000   0.00026836763
       1012.0000   0.00026347201
       1013.0000   0.00025834706
       1014.0000   0.00025292436
       1015.0000   0.00024725487
       1016.0000   0.00024139026
       1017.0000   0.00023538087
       1018.0000   0.00022940344
       1019.0000   0.00022352743
       1020.0000   0.00021768747
       1021.0000   0.00021204449
       1022.0000   0.00020661358
       1023.0000   0.00020145168
       1024.0000   0.00019653065
       1025.0000   0.00019177663
       1026.0000   0.00018716355
       1027.0000   0.00018261857
       1028.0000   0.00017811982
       1029.0000   0.00017363776
       1030.0000   0.00016923378
       1031.0000   0.00016493583
       1032.0000   0.00016077558
       1033.0000   0.00015682167
       1034.0000   0.00015311685
       1035.0000   0.00014969369
       1036.0000   0.00014661187
       1037.0000   0.00014383163
       1038.0000   0.00014139813
       1039.0000   0.00013915072
       1040.0000   0.00013706467
       1041.0000   0.00013504455
       1042.0000   0.00013294619
       1043.0000   0.00013071514
       1044.0000   0.00012831511
       1045.0000   0.00012573558
       1046.0000   0.00012297546
       1047.0000   0.00012006841
       1048.0000   0.00011716115
       1049.0000   0.00011425241
       1050.0000   0.00011139480
       1051.0000   0.00010869941
       1052.0000   0.00010624572
       1053.0000   0.00010406622
       1054.0000   0.00010203396
       1055.0000   0.00010019356
       1056.0000   9.8533588e-05
       1057.0000   9.7012226e-05
       1058.0000   9.5645195e-05
       1059.0000   9.4480033e-05
       1060.0000   9.3487983e-05
       1061.0000   9.2568658e-05
       1062.0000   9.1735999e-05
       1063.0000   9.1087443e-05
       1064.0000   9.0580058e-05
       1065.0000   9.0184977e-05
       1066.0000   8.9860186e-05
       1067.0000   8.9604782e-05
       1068.0000   8.9294193e-05
       1069.0000   8.8883134e-05
       1070.0000   8.8428039e-05
       1071.0000   8.7950278e-05
       1072.0000   8.7385757e-05
       1073.0000   8.6728544e-05
       1074.0000   8.5985886e-05
       1075.0000   8.5067483e-05
       1076.0000   8.3880229e-05
       1077.0000   8.2569833e-05
       1078.0000   8.1145775e-05
       1079.0000   7.9614801e-05
       1080.0000   7.7894511e-05
       1081.0000   7.6061604e-05
       1082.0000   7.4122430e-05
       1083.0000   7.2020537e-05
       1084.0000   6.9947903e-05
       1085.0000   6.8120616e-05
       1086.0000   6.6437277e-05
       1087.0000   6.4964520e-05
       1088.0000   6.3649268e-05
       1089.0000   6.2496610e-05
       1090.0000   6.1443586e-05
       1091.0000   6.0463473e-05
       1092.0000   5.9672967e-05
       1093.0000   5.8990979e-05
       1094.0000   5.8213244e-05
       1095.0000   5.7384631e-05
       1096.0000   5.6418865e-05
       1097.0000   5.5418684e-05
       1098.0000   5.4419023e-05
       1099.0000   5.3477537e-05
       1100.0000   5.2638984e-05
       1101.0000   5.1791661e-05
       1102.0000   5.0749953e-05
       1103.0000   4.9518981e-05
       1104.0000   4.8084162e-05
       1105.0000   4.6570830e-05
       1106.0000   4.4966694e-05
       1107.0000   4.3247581e-05
       1108.0000   4.1382686e-05
       1109.0000   3.9413070e-05
       1110.0000   3.7418351e-05
       1111.0000   3.5638593e-05
       1112.0000   3.4161248e-05
       1113.0000   3.3036818e-05
       1114.0000   3.2097616e-05
       1115.0000   3.1225298e-05
       1116.0000   3.0454121e-05
       1117.0000   2.9820484e-05
       1118.0000   2.9211360e-05
       1119.0000   2.8572531e-05
       1120.0000   2.7849643e-05
       1121.0000   2.7013416e-05
       1122.0000   2.5955130e-05
       1123.0000   2.4780543e-05
       1124.0000   2.3543990e-05
       1125.0000   2.2261831e-05
       1126.0000   2.0898438e-05
       1127.0000   1.9522421e-05
       1128.0000   1.8122747e-05
       1129.0000   1.6699076e-05
       1130.0000   1.5292474e-05
       1131.0000   1.4020573e-05
       1132.0000   1.2861289e-05
       1133.0000   1.1891259e-05
       1134.0000   1.1001995e-05
       1135.0000   1.0197270e-05
       1136.0000   9.4775449e-06
       1137.0000   8.9156718e-06
       1138.0000   8.5402186e-06
       1139.0000   8.3412818e-06
       1140.0000   8.2060765e-06
       1141.0000   8.2371709e-06
       1142.0000   8.3224660e-06
       1143.0000   8.5847584e-06
       1144.0000   9.0232535e-06
       1145.0000   9.6523830e-06
       1146.0000   1.0432891e-05
       1147.0000   1.1363551e-05
       1148.0000   1.2407789e-05
       1149.0000   1.3629846e-05
       1150.0000   1.4914735e-05
       1151.0000   1.6259009e-05
       1152.0000   1.7540320e-05
       1153.0000   1.8708305e-05
       1154.0000   1.9679286e-05
       1155.0000   2.0483980e-05
       1156.0000   2.0994888e-05
       1157.0000   2.1212548e-05
       1158.0000   2.1206125e-05
       1159.0000   2.0958108e-05
       1160.0000   2.0652091e-05
       1161.0000   2.0442568e-05
       1162.0000   2.0399622e-05
       1163.0000   2.0575619e-05
       1164.0000   2.0864084e-05
       1165.0000   2.1319615e-05
       1166.0000   2.1865712e-05
       1167.0000   2.2329139e-05
       1168.0000   2.2759283e-05
       1169.0000   2.3024417e-05
       1170.0000   2.3120440e-05
       1171.0000   2.3106163e-05
       1172.0000   2.3088967e-05
       1173.0000   2.3285497e-05
       1174.0000   2.3664612e-05
       1175.0000   2.4282632e-05
       1176.0000   2.5272755e-05
       1177.0000   2.6636086e-05
       1178.0000   2.8357257e-05
       1179.0000   3.0372543e-05
       1180.0000   3.2490452e-05
       1181.0000   3.4492602e-05
       1182.0000   3.6141241e-05
       1183.0000   3.7528793e-05
       1184.0000   3.8706203e-05
       1185.0000   3.9519673e-05
       1186.0000   3.9826354e-05
       1187.0000   3.9621741e-05
       1188.0000   3.8774031e-05
       1189.0000   3.7451426e-05
       1190.0000   3.5852540e-05
       1191.0000   3.4065899e-05
       1192.0000   3.2083649e-05
       1193.0000   2.9645325e-05
       1194.0000   2.6979827e-05
       1195.0000   2.4289435e-05
       1196.0000   2.1580083e-05
       1197.0000   1.9019157e-05
       1198.0000   1.6561364e-05
       1199.0000   1.4089749e-05
       1200.0000   1.1607111e-05
       1201.0000   9.0745904e-06
       1202.0000   6.9924238e-06
       1203.0000   5.2465367e-06
       1204.0000   3.7587007e-06
       1205.0000   2.5441941e-06
       1206.0000   1.5564766e-06
       1207.0000   7.8553904e-07
       1208.0000   2.6566668e-07
       1209.0000       0.0000000
       1210.0000       0.0000000
       1211.0000       0.0000000
       1212.0000       0.0000000
       1213.0000       0.0000000
       1214.0000       0.0000000
       1215.0000       0.0000000
       1216.0000       0.0000000
       1217.0000       0.0000000
       1218.0000       0.0000000
       1219.0000       0.0000000
       1220.0000       0.0000000
       1221.0000       0.0000000
       1222.0000       0.0000000
       1223.0000       0.0000000
       1224.0000       0.0000000
       1225.0000       0.0000000
       1226.0000       0.0000000
       1227.0000       0.0000000
       1228.0000       0.0000000
       1229.0000       0.0000000
       1230.0000       0.0000000
       1231.0000       0.0000000
       1232.0000       0.0000000
       1233.0000       0.0000000
       1234.0000       0.0000000
       1235.0000       0.0000000
       1236.0000       0.0000000
       1237.0000       0.0000000
       1238.0000       0.0000000
       1239.0000       0.0000000
       1240.0000       0.0000000
       1241.0000       0.0000000
       1242.0000       0.0000000
       1243.0000       0.0000000
       1244.0000       0.0000000
       1245.0000       0.0000000
       1246.0000       0.0000000
       1247.0000       0.0000000
       1248.0000       0.0000000
       1249.0000       0.0000000
       1250.0000       0.0000000
       1251.0000       0.0000000
       1252.0000       0.0000000
       1253.0000       0.0000000
       1254.0000       0.0000000
       1255.0000       0.0000000
       1256.0000       0.0000000
       1257.0000       0.0000000
       1258.0000       0.0000000
       1259.0000       0.0000000
       1260.0000       0.0000000
       1261.0000       0.0000000
       1262.0000       0.0000000
       1263.0000       0.0000000
       1264.0000       0.0000000
       1265.0000       0.0000000
       1266.0000       0.0000000
       1267.0000       0.0000000
       1268.0000       0.0000000
       1269.0000       0.0000000
       1270.0000       0.0000000
       1271.0000       0.0000000
       1272.0000       0.0000000
       1273.0000       0.0000000
       1274.0000       0.0000000
       1275.0000       0.0000000
       1276.0000       0.0000000
       1277.0000       0.0000000
       1278.0000       0.0000000
       1279.0000       0.0000000
       1280.0000       0.0000000
       1281.0000       0.0000000
       1282.0000       0.0000000
       1283.0000       0.0000000
       1284.0000       0.0000000
       1285.0000       0.0000000
       1286.0000       0.0000000
       1287.0000       0.0000000
       1288.0000       0.0000000
       1289.0000       0.0000000
       1290.0000       0.0000000
       1291.0000       0.0000000
       1292.0000       0.0000000
       1293.0000       0.0000000
       1294.0000       0.0000000
       1295.0000       0.0000000
       1296.0000       0.0000000
       1297.0000       0.0000000
       1298.0000       0.0000000
       1299.0000       0.0000000
       1300.0000       0.0000000
       1301.0000       0.0000000
       1302.0000       0.0000000
       1303.0000       0.0000000
       1304.0000       0.0000000
       1305.0000       0.0000000
       1306.0000       0.0000000
       1307.0000       0.0000000
       1308.0000       0.0000000
       1309.0000       0.0000000
       1310.0000       0.0000000
       1311.0000       0.0000000
       1312.0000       0.0000000
       1313.0000       0.0000000
       1314.0000       0.0000000
       1315.0000       0.0000000
       1316.0000       0.0000000
       1317.0000       0.0000000
       1318.0000       0.0000000
       1319.0000       0.0000000
       1320.0000       0.0000000
       1321.0000       0.0000000
       1322.0000       0.0000000
       1323.0000       0.0000000
       1324.0000       0.0000000
       1325.0000       0.0000000
       1326.0000       0.0000000
       1327.0000       0.0000000
       1328.0000       0.0000000
       1329.0000       0.0000000
       1330.0000       0.0000000
       1331.0000       0.0000000
       1332.0000       0.0000000
       1333.0000       0.0000000
       1334.0000       0.0000000
       1335.0000       0.0000000
       1336.0000       0.0000000
       1337.0000       0.0000000
       1338.0000       0.0000000
       1339.0000       0.0000000
       1340.0000       0.0000000
       1341.0000       0.0000000
       1342.0000       0.0000000
       1343.0000       0.0000000
       1344.0000       0.0000000
       1345.0000       0.0000000
       1346.0000       0.0000000
       1347.0000       0.0000000
       1348.0000       0.0000000
       1349.0000       0.0000000
       1350.0000       0.0000000
       1351.0000       0.0000000
       1352.0000       0.0000000
       1353.0000       0.0000000
       1354.0000       0.0000000
       1355.0000       0.0000000
       1356.0000       0.0000000
       1357.0000       0.0000000
       1358.0000       0.0000000
       1359.0000       0.0000000
       1360.0000       0.0000000
       1361.0000       0.0000000
       1362.0000       0.0000000
       1363.0000       0.0000000
       1364.0000       0.0000000
       1365.0000       0.0000000
       1366.0000       0.0000000
       1367.0000       0.0000000
       1368.0000       0.0000000
       1369.0000       0.0000000
       1370.0000       0.0000000
       1371.0000       0.0000000
       1372.0000       0.0000000
       1373.0000       0.0000000
       1374.0000       0.0000000
       1375.0000       0.0000000
       1376.0000       0.0000000
       1377.0000       0.0000000
       1378.0000       0.0000000
       1379.0000       0.0000000
       1380.0000       0.0000000
       1381.0000       0.0000000
       1382.0000       0.0000000
       1383.0000       0.0000000
       1384.0000       0.0000000
       1385.0000       0.0000000
       1386.0000       0.0000000
       1387.0000       0.0000000
       1388.0000       0.0000000
       1389.0000       0.0000000
       1390.0000       0.0000000
       1391.0000       0.0000000
       1392.0000       0.0000000
       1393.0000       0.0000000
       1394.0000       0.0000000
       1395.0000       0.0000000
       1396.0000       0.0000000
       1397.0000       0.0000000
       1398.0000       0.0000000
       1399.0000       0.0000000
       1400.0000       0.0000000
       1401.0000       0.0000000
       1402.0000       0.0000000
       1403.0000       0.0000000
       1404.0000       0.0000000
       1405.0000       0.0000000
       1406.0000       0.0000000
       1407.0000       0.0000000
       1408.0000       0.0000000
       1409.0000       0.0000000
       1410.0000       0.0000000
       1411.0000       0.0000000
       1412.0000       0.0000000
       1413.0000       0.0000000
       1414.0000       0.0000000
       1415.0000       0.0000000
       1416.0000       0.0000000
       1417.0000       0.0000000
       1418.0000       0.0000000
       1419.0000       0.0000000
       1420.0000       0.0000000
       1421.0000       0.0000000
       1422.0000       0.0000000
       1423.0000       0.0000000
       1424.0000       0.0000000
       1425.0000       0.0000000
       1426.0000       0.0000000
       1427.0000       0.0000000
       1428.0000       0.0000000
       1429.0000       0.0000000
       1430.0000       0.0000000
       1431.0000       0.0000000
       1432.0000       0.0000000
       1433.0000       0.0000000
       1434.0000       0.0000000
       1435.0000       0.0000000
       1436.0000       0.0000000
       1437.0000       0.0000000
       1438.0000       0.0000000
       1439.0000       0.0000000
       1440.0000       0.0000000
       1441.0000       0.0000000
       1442.0000       0.0000000
       1443.0000       0.0000000
       1444.0000       0.0000000
       1445.0000       0.0000000
       1446.0000       0.0000000
       1447.0000       0.0000000
       1448.0000       0.0000000
       1449.0000       0.0000000
       1450.0000       0.0000000
       1451.0000       0.0000000
       1452.0000       0.0000000
       1453.0000       0.0000000
       1454.0000       0.0000000
       1455.0000       0.0000000
       1456.0000       0.0000000
       1457.0000       0.0000000
       1458.0000       0.0000000
       1459.0000       0.0000000
       1460.0000       0.0000000
       1461.0000       0.0000000
       1462.0000       0.0000000
       1463.0000       0.0000000
       1464.0000       0.0000000
       1465.0000       0.0000000
       1466.0000       0.0000000
       1467.0000       0.0000000
       1468.0000       0.0000000
       1469.0000       0.0000000
       1470.0000       0.0000000
       1471.0000       0.0000000
       1472.0000       0.0000000
       1473.0000       0.0000000
       1474.0000       0.0000000
       1475.0000       0.0000000
       1476.0000       0.0000000
       1477.0000       0.0000000
       1478.0000       0.0000000
       1479.0000       0.0000000
       1480.0000       0.0000000
       1481.0000       0.0000000
       1482.0000       0.0000000
       1483.0000       0.0000000
       1484.0000       0.0000000
       1485.0000       0.0000000
       1486.0000       0.0000000
       1487.0000       0.0000000
       1488.0000       0.0000000
       1489.0000       0.0000000
       1490.0000       0.0000000
       1491.0000       0.0000000
       1492.0000       0.0000000
       1493.0000       0.0000000
       1494.0000       0.0000000
       1495.0000       0.0000000
       1496.0000       0.0000000
       1497.0000       0.0000000
       1498.0000       0.0000000
       1499.0000       0.0000000
       1500.0000       0.0000000
       1501.0000       0.0000000
       1502.0000       0.0000000
       1503.0000       0.0000000
       1504.0000       0.0000000
       1505.0000       0.0000000
       1506.0000       0.0000000
       1507.0000       0.0000000
       1508.0000       0.0000000
       1509.0000       0.0000000
       1510.0000       0.0000000
       1511.0000       0.0000000
       1512.0000       0.0000000
       1513.0000       0.0000000
       1514.0000       0.0000000
       1515.0000       0.0000000
       1516.0000       0.0000000
       1517.0000       0.0000000
       1518.0000       0.0000000
       1519.0000       0.0000000
       1520.0000       0.0000000
       1521.0000       0.0000000
       1522.0000       0.0000000
       1523.0000       0.0000000
       1524.0000       0.0000000
       1525.0000       0.0000000
       1526.0000       0.0000000
       1527.0000       0.0000000
       1528.0000       0.0000000
       1529.0000       0.0000000
       1530.0000       0.0000000
       1531.0000       0.0000000
       1532.0000       0.0000000
       1533.0000       0.0000000
       1534.0000       0.0000000
       1535.0000       0.0000000
