       0.0000000       0.0000000
       1.0000000       0.0000000
       2.0000000       0.0000000
       3.0000000       0.0000000
       4.0000000       0.0000000
       5.0000000       0.0000000
       6.0000000       0.0000000
       7.0000000       0.0000000
       8.0000000       0.0000000
       9.0000000       0.0000000
       10.000000       0.0000000
       11.000000    0.0023422087
       12.000000    0.0059759072
       13.000000    0.0081982999
       14.000000    0.0092678276
       15.000000    0.0093855137
       16.000000    0.0087086660
       17.000000    0.0073611207
       18.000000    0.0058894999
       19.000000    0.0044454494
       20.000000    0.0031192982
       21.000000    0.0019624591
       22.000000    0.0010053081
       23.000000   0.00026974916
       24.000000       0.0000000
       25.000000       0.0000000
       26.000000       0.0000000
       27.000000       0.0000000
       28.000000       0.0000000
       29.000000       0.0000000
       30.000000       0.0000000
       31.000000       0.0000000
       32.000000       0.0000000
       33.000000       0.0000000
       34.000000       0.0000000
       35.000000       0.0000000
       36.000000       0.0000000
       37.000000       0.0000000
       38.000000       0.0000000
       39.000000       0.0000000
       40.000000       0.0000000
       41.000000       0.0000000
       42.000000       0.0000000
       43.000000       0.0000000
       44.000000       0.0000000
       45.000000       0.0000000
       46.000000       0.0000000
       47.000000   4.7024107e-05
       48.000000   0.00013110330
       49.000000   0.00022312508
       50.000000   0.00032311164
       51.000000   0.00043102204
       52.000000   0.00054650006
       53.000000   0.00066938398
       54.000000   0.00079878273
       55.000000   0.00093450722
       56.000000    0.0010758771
       57.000000    0.0012226504
       58.000000    0.0013738110
       59.000000    0.0015284041
       60.000000    0.0016855933
       61.000000    0.0018447154
       62.000000    0.0020048707
       63.000000    0.0021660024
       64.000000    0.0023279736
       65.000000    0.0024907033
       66.000000    0.0026536004
       67.000000    0.0028160769
       68.000000    0.0029779021
       69.000000    0.0031390500
       70.000000    0.0032992579
       71.000000    0.0034581197
       72.000000    0.0036146740
       73.000000    0.0037680517
       74.000000    0.0039171191
       75.000000    0.0040615593
       76.000000    0.0042018626
       77.000000    0.0043382279
       78.000000    0.0044700825
       79.000000    0.0045979499
       80.000000    0.0047224446
       81.000000    0.0048443104
       82.000000    0.0049637798
       83.000000    0.0050818845
       84.000000    0.0051986902
       85.000000    0.0053141463
       86.000000    0.0054278917
       87.000000    0.0055400376
       88.000000    0.0056494891
       89.000000    0.0057555036
       90.000000    0.0058569531
       91.000000    0.0059532965
       92.000000    0.0060439830
       93.000000    0.0061288583
       94.000000    0.0062072078
       95.000000    0.0062786044
       96.000000    0.0063426836
       97.000000    0.0063998146
       98.000000    0.0064498926
       99.000000    0.0064937289
       100.00000    0.0065321452
       101.00000    0.0065648434
       102.00000    0.0065917770
       103.00000    0.0066133169
       104.00000    0.0066302483
       105.00000    0.0066437635
       106.00000    0.0066547462
       107.00000    0.0066641535
       108.00000    0.0066723645
       109.00000    0.0066798027
       110.00000    0.0066872897
       111.00000    0.0066955577
       112.00000    0.0067054827
       113.00000    0.0067175169
       114.00000    0.0067312398
       115.00000    0.0067463609
       116.00000    0.0067626825
       117.00000    0.0067804662
       118.00000    0.0067991339
       119.00000    0.0068184675
       120.00000    0.0068383209
       121.00000    0.0068580542
       122.00000    0.0068767385
       123.00000    0.0068941984
       124.00000    0.0069101101
       125.00000    0.0069245388
       126.00000    0.0069368862
       127.00000    0.0069476746
       128.00000    0.0069573199
       129.00000    0.0069660845
       130.00000    0.0069743552
       131.00000    0.0069828370
       132.00000    0.0069917060
       133.00000    0.0070011418
       134.00000    0.0070108399
       135.00000    0.0070207724
       136.00000    0.0070302475
       137.00000    0.0070390360
       138.00000    0.0070461845
       139.00000    0.0070511021
       140.00000    0.0070533174
       141.00000    0.0070530092
       142.00000    0.0070500401
       143.00000    0.0070448243
       144.00000    0.0070380410
       145.00000    0.0070302029
       146.00000    0.0070206171
       147.00000    0.0070100519
       148.00000    0.0069976880
       149.00000    0.0069848458
       150.00000    0.0069711655
       151.00000    0.0069577002
       152.00000    0.0069435799
       153.00000    0.0069284021
       154.00000    0.0069120005
       155.00000    0.0068954848
       156.00000    0.0068787361
       157.00000    0.0068638526
       158.00000    0.0068461276
       159.00000    0.0068238684
       160.00000    0.0067940475
       161.00000    0.0067574919
       162.00000    0.0067135956
       163.00000    0.0066618337
       164.00000    0.0066007075
       165.00000    0.0065286665
       166.00000    0.0064440569
       167.00000    0.0063521670
       168.00000    0.0062559354
       169.00000    0.0061588453
       170.00000    0.0060610347
       171.00000    0.0059633099
       172.00000    0.0058665175
       173.00000    0.0057729240
       174.00000    0.0056865742
       175.00000    0.0056094706
       176.00000    0.0055403641
       177.00000    0.0054799083
       178.00000    0.0054276423
       179.00000    0.0053838967
       180.00000    0.0053491588
       181.00000    0.0053245240
       182.00000    0.0053078563
       183.00000    0.0052963226
       184.00000    0.0052882434
       185.00000    0.0052851193
       186.00000    0.0052862105
       187.00000    0.0052903517
       188.00000    0.0052959400
       189.00000    0.0053007975
       190.00000    0.0053011296
       191.00000    0.0052971625
       192.00000    0.0052870604
       193.00000    0.0052715648
       194.00000    0.0052475579
       195.00000    0.0052105899
       196.00000    0.0051587158
       197.00000    0.0050911806
       198.00000    0.0050089156
       199.00000    0.0049140818
       200.00000    0.0048074773
       201.00000    0.0046920907
       202.00000    0.0045663298
       203.00000    0.0044300912
       204.00000    0.0042869217
       205.00000    0.0041398399
       206.00000    0.0039932695
       207.00000    0.0038496104
       208.00000    0.0037115665
       209.00000    0.0035798492
       210.00000    0.0034551900
       211.00000    0.0033408790
       212.00000    0.0032399870
       213.00000    0.0031550256
       214.00000    0.0030873981
       215.00000    0.0030342970
       216.00000    0.0029938938
       217.00000    0.0029631125
       218.00000    0.0029418889
       219.00000    0.0029291373
       220.00000    0.0029232187
       221.00000    0.0029225735
       222.00000    0.0029244449
       223.00000    0.0029266885
       224.00000    0.0029294223
       225.00000    0.0029323818
       226.00000    0.0029364282
       227.00000    0.0029407754
       228.00000    0.0029448984
       229.00000    0.0029480257
       230.00000    0.0029503241
       231.00000    0.0029521352
       232.00000    0.0029533280
       233.00000    0.0029538119
       234.00000    0.0029541266
       235.00000    0.0029539813
       236.00000    0.0029534798
       237.00000    0.0029529170
       238.00000    0.0029532969
       239.00000    0.0029543710
       240.00000    0.0029559682
       241.00000    0.0029585789
       242.00000    0.0029628281
       243.00000    0.0029685806
       244.00000    0.0029760836
       245.00000    0.0029855472
       246.00000    0.0029964581
       247.00000    0.0030079279
       248.00000    0.0030196450
       249.00000    0.0030312965
       250.00000    0.0030426446
       251.00000    0.0030529651
       252.00000    0.0030618846
       253.00000    0.0030690447
       254.00000    0.0030737433
       255.00000    0.0030763477
       256.00000    0.0030772060
       257.00000    0.0030765371
       258.00000    0.0030751176
       259.00000    0.0030724851
       260.00000    0.0030685672
       261.00000    0.0030636430
       262.00000    0.0030582630
       263.00000    0.0030529101
       264.00000    0.0030477554
       265.00000    0.0030428791
       266.00000    0.0030383672
       267.00000    0.0030337142
       268.00000    0.0030294913
       269.00000    0.0030260414
       270.00000    0.0030232596
       271.00000    0.0030205973
       272.00000    0.0030180317
       273.00000    0.0030154708
       274.00000    0.0030128793
       275.00000    0.0030102966
       276.00000    0.0030078898
       277.00000    0.0030053769
       278.00000    0.0030026415
       279.00000    0.0029997282
       280.00000    0.0029967478
       281.00000    0.0029936959
       282.00000    0.0029905469
       283.00000    0.0029871973
       284.00000    0.0029834361
       285.00000    0.0029792799
       286.00000    0.0029750027
       287.00000    0.0029710691
       288.00000    0.0029675835
       289.00000    0.0029646778
       290.00000    0.0029623130
       291.00000    0.0029604252
       292.00000    0.0029594136
       293.00000    0.0029597597
       294.00000    0.0029613830
       295.00000    0.0029639785
       296.00000    0.0029668902
       297.00000    0.0029697941
       298.00000    0.0029725298
       299.00000    0.0029748678
       300.00000    0.0029766949
       301.00000    0.0029771607
       302.00000    0.0029757203
       303.00000    0.0029724666
       304.00000    0.0029674688
       305.00000    0.0029609621
       306.00000    0.0029532490
       307.00000    0.0029443333
       308.00000    0.0029345601
       309.00000    0.0029239865
       310.00000    0.0029133008
       311.00000    0.0029025651
       312.00000    0.0028916372
       313.00000    0.0028807310
       314.00000    0.0028697568
       315.00000    0.0028585713
       316.00000    0.0028472421
       317.00000    0.0028357606
       318.00000    0.0028242471
       319.00000    0.0028126220
       320.00000    0.0028009600
       321.00000    0.0027895444
       322.00000    0.0027785414
       323.00000    0.0027683914
       324.00000    0.0027591774
       325.00000    0.0027511514
       326.00000    0.0027441089
       327.00000    0.0027378330
       328.00000    0.0027320465
       329.00000    0.0027268297
       330.00000    0.0027217249
       331.00000    0.0027161712
       332.00000    0.0027098620
       333.00000    0.0027029448
       334.00000    0.0026954020
       335.00000    0.0026876124
       336.00000    0.0026799291
       337.00000    0.0026727728
       338.00000    0.0026662605
       339.00000    0.0026606263
       340.00000    0.0026561431
       341.00000    0.0026527495
       342.00000    0.0026502587
       343.00000    0.0026481576
       344.00000    0.0026460272
       345.00000    0.0026433744
       346.00000    0.0026395693
       347.00000    0.0026342529
       348.00000    0.0026275611
       349.00000    0.0026195246
       350.00000    0.0026102974
       351.00000    0.0026001301
       352.00000    0.0025895385
       353.00000    0.0025789466
       354.00000    0.0025687213
       355.00000    0.0025593726
       356.00000    0.0025512015
       357.00000    0.0025440872
       358.00000    0.0025377736
       359.00000    0.0025319497
       360.00000    0.0025262924
       361.00000    0.0025207342
       362.00000    0.0025149844
       363.00000    0.0025093484
       364.00000    0.0025041376
       365.00000    0.0024996078
       366.00000    0.0024959266
       367.00000    0.0024936460
       368.00000    0.0024930626
       369.00000    0.0024943931
       370.00000    0.0024972498
       371.00000    0.0025014091
       372.00000    0.0025062597
       373.00000    0.0025111730
       374.00000    0.0025154714
       375.00000    0.0025185832
       376.00000    0.0025199046
       377.00000    0.0025191367
       378.00000    0.0025160150
       379.00000    0.0025107616
       380.00000    0.0025038340
       381.00000    0.0024955253
       382.00000    0.0024859330
       383.00000    0.0024755601
       384.00000    0.0024649707
       385.00000    0.0024544383
       386.00000    0.0024441065
       387.00000    0.0024342669
       388.00000    0.0024252107
       389.00000    0.0024167411
       390.00000    0.0024086547
       391.00000    0.0024012769
       392.00000    0.0023945428
       393.00000    0.0023883273
       394.00000    0.0023827654
       395.00000    0.0023781970
       396.00000    0.0023745029
       397.00000    0.0023713348
       398.00000    0.0023687489
       399.00000    0.0023669185
       400.00000    0.0023656783
       401.00000    0.0023650156
       402.00000    0.0023644860
       403.00000    0.0023638523
       404.00000    0.0023626994
       405.00000    0.0023607369
       406.00000    0.0023579559
       407.00000    0.0023540765
       408.00000    0.0023490945
       409.00000    0.0023429017
       410.00000    0.0023350911
       411.00000    0.0023260921
       412.00000    0.0023160286
       413.00000    0.0023050109
       414.00000    0.0022933339
       415.00000    0.0022813464
       416.00000    0.0022694622
       417.00000    0.0022576456
       418.00000    0.0022457925
       419.00000    0.0022345038
       420.00000    0.0022240613
       421.00000    0.0022144719
       422.00000    0.0022059741
       423.00000    0.0021987498
       424.00000    0.0021924695
       425.00000    0.0021866880
       426.00000    0.0021814725
       427.00000    0.0021770380
       428.00000    0.0021730887
       429.00000    0.0021692877
       430.00000    0.0021655886
       431.00000    0.0021617607
       432.00000    0.0021577846
       433.00000    0.0021536889
       434.00000    0.0021497272
       435.00000    0.0021459599
       436.00000    0.0021423687
       437.00000    0.0021390595
       438.00000    0.0021361860
       439.00000    0.0021337478
       440.00000    0.0021315978
       441.00000    0.0021291902
       442.00000    0.0021263549
       443.00000    0.0021230415
       444.00000    0.0021190100
       445.00000    0.0021142154
       446.00000    0.0021084648
       447.00000    0.0021014583
       448.00000    0.0020931374
       449.00000    0.0020835627
       450.00000    0.0020732009
       451.00000    0.0020627255
       452.00000    0.0020524659
       453.00000    0.0020426100
       454.00000    0.0020331476
       455.00000    0.0020241542
       456.00000    0.0020158932
       457.00000    0.0020085122
       458.00000    0.0020022897
       459.00000    0.0019971498
       460.00000    0.0019925049
       461.00000    0.0019879426
       462.00000    0.0019833239
       463.00000    0.0019787340
       464.00000    0.0019742421
       465.00000    0.0019697309
       466.00000    0.0019651120
       467.00000    0.0019601749
       468.00000    0.0019548386
       469.00000    0.0019492159
       470.00000    0.0019434095
       471.00000    0.0019375767
       472.00000    0.0019316222
       473.00000    0.0019254503
       474.00000    0.0019190810
       475.00000    0.0019125731
       476.00000    0.0019059989
       477.00000    0.0018994348
       478.00000    0.0018929524
       479.00000    0.0018865594
       480.00000    0.0018801873
       481.00000    0.0018738223
       482.00000    0.0018675150
       483.00000    0.0018613255
       484.00000    0.0018551651
       485.00000    0.0018489835
       486.00000    0.0018427867
       487.00000    0.0018365125
       488.00000    0.0018301758
       489.00000    0.0018237260
       490.00000    0.0018171827
       491.00000    0.0018106090
       492.00000    0.0018039482
       493.00000    0.0017972736
       494.00000    0.0017906329
       495.00000    0.0017840352
       496.00000    0.0017775438
       497.00000    0.0017711610
       498.00000    0.0017649668
       499.00000    0.0017591147
       500.00000    0.0017535936
       501.00000    0.0017484069
       502.00000    0.0017434957
       503.00000    0.0017387812
       504.00000    0.0017341759
       505.00000    0.0017296142
       506.00000    0.0017251004
       507.00000    0.0017205394
       508.00000    0.0017157805
       509.00000    0.0017107465
       510.00000    0.0017054500
       511.00000    0.0017000041
       512.00000    0.0016945065
       513.00000    0.0016890360
       514.00000    0.0016836731
       515.00000    0.0016784151
       516.00000    0.0016733824
       517.00000    0.0016685613
       518.00000    0.0016639764
       519.00000    0.0016595981
       520.00000    0.0016552717
       521.00000    0.0016509388
       522.00000    0.0016465776
       523.00000    0.0016420705
       524.00000    0.0016374332
       525.00000    0.0016325800
       526.00000    0.0016275657
       527.00000    0.0016224675
       528.00000    0.0016173133
       529.00000    0.0016121676
       530.00000    0.0016070380
       531.00000    0.0016018798
       532.00000    0.0015967389
       533.00000    0.0015915595
       534.00000    0.0015863742
       535.00000    0.0015811917
       536.00000    0.0015759291
       537.00000    0.0015705684
       538.00000    0.0015651311
       539.00000    0.0015596524
       540.00000    0.0015542158
       541.00000    0.0015489057
       542.00000    0.0015438059
       543.00000    0.0015389194
       544.00000    0.0015341908
       545.00000    0.0015296252
       546.00000    0.0015252851
       547.00000    0.0015211423
       548.00000    0.0015171755
       549.00000    0.0015133080
       550.00000    0.0015094442
       551.00000    0.0015055277
       552.00000    0.0015014929
       553.00000    0.0014973471
       554.00000    0.0014930960
       555.00000    0.0014886899
       556.00000    0.0014841412
       557.00000    0.0014794104
       558.00000    0.0014745797
       559.00000    0.0014697020
       560.00000    0.0014648098
       561.00000    0.0014600013
       562.00000    0.0014553232
       563.00000    0.0014508106
       564.00000    0.0014464089
       565.00000    0.0014421425
       566.00000    0.0014380889
       567.00000    0.0014341722
       568.00000    0.0014303717
       569.00000    0.0014266239
       570.00000    0.0014228973
       571.00000    0.0014191606
       572.00000    0.0014153426
       573.00000    0.0014115279
       574.00000    0.0014076805
       575.00000    0.0014037358
       576.00000    0.0013997248
       577.00000    0.0013956463
       578.00000    0.0013915448
       579.00000    0.0013873711
       580.00000    0.0013831502
       581.00000    0.0013790015
       582.00000    0.0013749246
       583.00000    0.0013709530
       584.00000    0.0013670966
       585.00000    0.0013633826
       586.00000    0.0013598103
       587.00000    0.0013563532
       588.00000    0.0013529826
       589.00000    0.0013496574
       590.00000    0.0013462588
       591.00000    0.0013427371
       592.00000    0.0013390074
       593.00000    0.0013350429
       594.00000    0.0013307342
       595.00000    0.0013260711
       596.00000    0.0013211331
       597.00000    0.0013161288
       598.00000    0.0013110850
       599.00000    0.0013060240
       600.00000    0.0013008986
       601.00000    0.0012957879
       602.00000    0.0012907408
       603.00000    0.0012858977
       604.00000    0.0012812770
       605.00000    0.0012768299
       606.00000    0.0012723851
       607.00000    0.0012679387
       608.00000    0.0012635554
       609.00000    0.0012593455
       610.00000    0.0012553045
       611.00000    0.0012513953
       612.00000    0.0012475196
       613.00000    0.0012437118
       614.00000    0.0012399462
       615.00000    0.0012362253
       616.00000    0.0012325369
       617.00000    0.0012288742
       618.00000    0.0012252620
       619.00000    0.0012216883
       620.00000    0.0012181816
       621.00000    0.0012148229
       622.00000    0.0012115831
       623.00000    0.0012085017
       624.00000    0.0012055808
       625.00000    0.0012028560
       626.00000    0.0012002379
       627.00000    0.0011975725
       628.00000    0.0011948349
       629.00000    0.0011920375
       630.00000    0.0011891203
       631.00000    0.0011860872
       632.00000    0.0011829041
       633.00000    0.0011796172
       634.00000    0.0011762240
       635.00000    0.0011728437
       636.00000    0.0011696052
       637.00000    0.0011665385
       638.00000    0.0011636765
       639.00000    0.0011610561
       640.00000    0.0011586113
       641.00000    0.0011563385
       642.00000    0.0011542513
       643.00000    0.0011522870
       644.00000    0.0011504064
       645.00000    0.0011485287
       646.00000    0.0011466983
       647.00000    0.0011447788
       648.00000    0.0011427521
       649.00000    0.0011406764
       650.00000    0.0011386269
       651.00000    0.0011365271
       652.00000    0.0011344119
       653.00000    0.0011321714
       654.00000    0.0011298440
       655.00000    0.0011273215
       656.00000    0.0011246670
       657.00000    0.0011218256
       658.00000    0.0011188204
       659.00000    0.0011155545
       660.00000    0.0011120555
       661.00000    0.0011083362
       662.00000    0.0011045375
       663.00000    0.0011006724
       664.00000    0.0010968315
       665.00000    0.0010931267
       666.00000    0.0010896790
       667.00000    0.0010864670
       668.00000    0.0010835328
       669.00000    0.0010809227
       670.00000    0.0010786374
       671.00000    0.0010766252
       672.00000    0.0010748910
       673.00000    0.0010734182
       674.00000    0.0010720681
       675.00000    0.0010707105
       676.00000    0.0010692784
       677.00000    0.0010676929
       678.00000    0.0010658500
       679.00000    0.0010637419
       680.00000    0.0010613469
       681.00000    0.0010586720
       682.00000    0.0010557482
       683.00000    0.0010526579
       684.00000    0.0010494701
       685.00000    0.0010462797
       686.00000    0.0010431859
       687.00000    0.0010402478
       688.00000    0.0010374569
       689.00000    0.0010348190
       690.00000    0.0010323036
       691.00000    0.0010298324
       692.00000    0.0010273541
       693.00000    0.0010249064
       694.00000    0.0010224392
       695.00000    0.0010199524
       696.00000    0.0010174918
       697.00000    0.0010150429
       698.00000    0.0010126550
       699.00000    0.0010102999
       700.00000    0.0010080144
       701.00000    0.0010058848
       702.00000    0.0010038818
       703.00000    0.0010020244
       704.00000    0.0010002845
       705.00000   0.00099860384
       706.00000   0.00099699995
       707.00000   0.00099536973
       708.00000   0.00099377772
       709.00000   0.00099218845
       710.00000   0.00099041519
       711.00000   0.00098832919
       712.00000   0.00098588293
       713.00000   0.00098305197
       714.00000   0.00097979994
       715.00000   0.00097613688
       716.00000   0.00097214209
       717.00000   0.00096780063
       718.00000   0.00096312471
       719.00000   0.00095823294
       720.00000   0.00095331030
       721.00000   0.00094845631
       722.00000   0.00094365652
       723.00000   0.00093900834
       724.00000   0.00093455347
       725.00000   0.00093026857
       726.00000   0.00092601579
       727.00000   0.00092181470
       728.00000   0.00091769021
       729.00000   0.00091361168
       730.00000   0.00090949624
       731.00000   0.00090547416
       732.00000   0.00090155132
       733.00000   0.00089763679
       734.00000   0.00089370854
       735.00000   0.00088995635
       736.00000   0.00088641616
       737.00000   0.00088306312
       738.00000   0.00087979915
       739.00000   0.00087664459
       740.00000   0.00087349180
       741.00000   0.00087027267
       742.00000   0.00086700744
       743.00000   0.00086376180
       744.00000   0.00086047595
       745.00000   0.00085707020
       746.00000   0.00085350339
       747.00000   0.00084979616
       748.00000   0.00084602995
       749.00000   0.00084223895
       750.00000   0.00083847423
       751.00000   0.00083481892
       752.00000   0.00083124518
       753.00000   0.00082773128
       754.00000   0.00082437181
       755.00000   0.00082126207
       756.00000   0.00081849376
       757.00000   0.00081594645
       758.00000   0.00081358235
       759.00000   0.00081137673
       760.00000   0.00080920302
       761.00000   0.00080704945
       762.00000   0.00080495913
       763.00000   0.00080283146
       764.00000   0.00080058559
       765.00000   0.00079817820
       766.00000   0.00079566557
       767.00000   0.00079306837
       768.00000   0.00079036666
       769.00000   0.00078768547
       770.00000   0.00078506535
       771.00000   0.00078242883
       772.00000   0.00077980678
       773.00000   0.00077716594
       774.00000   0.00077451063
       775.00000   0.00077180997
       776.00000   0.00076909109
       777.00000   0.00076636009
       778.00000   0.00076353304
       779.00000   0.00076046959
       780.00000   0.00075718074
       781.00000   0.00075371674
       782.00000   0.00075017226
       783.00000   0.00074647301
       784.00000   0.00074260658
       785.00000   0.00073850624
       786.00000   0.00073420616
       787.00000   0.00072968333
       788.00000   0.00072511716
       789.00000   0.00072059637
       790.00000   0.00071609927
       791.00000   0.00071158281
       792.00000   0.00070713598
       793.00000   0.00070281824
       794.00000   0.00069868084
       795.00000   0.00069469325
       796.00000   0.00069094174
       797.00000   0.00068736085
       798.00000   0.00068387317
       799.00000   0.00068045886
       800.00000   0.00067711075
       801.00000   0.00067382505
       802.00000   0.00067061165
       803.00000   0.00066743224
       804.00000   0.00066424205
       805.00000   0.00066104699
       806.00000   0.00065784761
       807.00000   0.00065478010
       808.00000   0.00065190193
       809.00000   0.00064930729
       810.00000   0.00064697091
       811.00000   0.00064478558
       812.00000   0.00064282265
       813.00000   0.00064123736
       814.00000   0.00063995796
       815.00000   0.00063897736
       816.00000   0.00063813100
       817.00000   0.00063736564
       818.00000   0.00063657635
       819.00000   0.00063570938
       820.00000   0.00063484817
       821.00000   0.00063398589
       822.00000   0.00063294056
       823.00000   0.00063175600
       824.00000   0.00063040235
       825.00000   0.00062893192
       826.00000   0.00062732081
       827.00000   0.00062553607
       828.00000   0.00062366415
       829.00000   0.00062168669
       830.00000   0.00061948560
       831.00000   0.00061703995
       832.00000   0.00061428823
       833.00000   0.00061119381
       834.00000   0.00060770224
       835.00000   0.00060384179
       836.00000   0.00059972504
       837.00000   0.00059527279
       838.00000   0.00059050118
       839.00000   0.00058551685
       840.00000   0.00058051518
       841.00000   0.00057559842
       842.00000   0.00057085697
       843.00000   0.00056634044
       844.00000   0.00056204956
       845.00000   0.00055789829
       846.00000   0.00055391953
       847.00000   0.00055009752
       848.00000   0.00054640028
       849.00000   0.00054271757
       850.00000   0.00053895216
       851.00000   0.00053513104
       852.00000   0.00053131161
       853.00000   0.00052741729
       854.00000   0.00052346263
       855.00000   0.00051952813
       856.00000   0.00051563162
       857.00000   0.00051181342
       858.00000   0.00050807767
       859.00000   0.00050448943
       860.00000   0.00050095096
       861.00000   0.00049734277
       862.00000   0.00049378429
       863.00000   0.00049036702
       864.00000   0.00048700110
       865.00000   0.00048364781
       866.00000   0.00048029050
       867.00000   0.00047701239
       868.00000   0.00047383297
       869.00000   0.00047090169
       870.00000   0.00046834207
       871.00000   0.00046612508
       872.00000   0.00046413081
       873.00000   0.00046236106
       874.00000   0.00046090863
       875.00000   0.00045975772
       876.00000   0.00045879424
       877.00000   0.00045792749
       878.00000   0.00045702143
       879.00000   0.00045600660
       880.00000   0.00045492868
       881.00000   0.00045385333
       882.00000   0.00045278901
       883.00000   0.00045160760
       884.00000   0.00045032910
       885.00000   0.00044898213
       886.00000   0.00044762672
       887.00000   0.00044623194
       888.00000   0.00044481485
       889.00000   0.00044329559
       890.00000   0.00044164596
       891.00000   0.00043989063
       892.00000   0.00043812324
       893.00000   0.00043629844
       894.00000   0.00043445828
       895.00000   0.00043262425
       896.00000   0.00043089855
       897.00000   0.00042928249
       898.00000   0.00042775787
       899.00000   0.00042629417
       900.00000   0.00042485375
       901.00000   0.00042339192
       902.00000   0.00042189263
       903.00000   0.00042024166
       904.00000   0.00041837726
       905.00000   0.00041624702
       906.00000   0.00041381978
       907.00000   0.00041110931
       908.00000   0.00040818374
       909.00000   0.00040511905
       910.00000   0.00040194079
       911.00000   0.00039872835
       912.00000   0.00039562211
       913.00000   0.00039269813
       914.00000   0.00038997862
       915.00000   0.00038751035
       916.00000   0.00038539676
       917.00000   0.00038360178
       918.00000   0.00038208317
       919.00000   0.00038081481
       920.00000   0.00037978604
       921.00000   0.00037893935
       922.00000   0.00037820041
       923.00000   0.00037757006
       924.00000   0.00037707060
       925.00000   0.00037664020
       926.00000   0.00037628913
       927.00000   0.00037601224
       928.00000   0.00037580709
       929.00000   0.00037565315
       930.00000   0.00037559487
       931.00000   0.00037559918
       932.00000   0.00037569761
       933.00000   0.00037592041
       934.00000   0.00037625470
       935.00000   0.00037678477
       936.00000   0.00037750365
       937.00000   0.00037847533
       938.00000   0.00037970253
       939.00000   0.00038112165
       940.00000   0.00038289787
       941.00000   0.00038504919
       942.00000   0.00038739158
       943.00000   0.00038991741
       944.00000   0.00039248654
       945.00000   0.00039509731
       946.00000   0.00039763385
       947.00000   0.00040001897
       948.00000   0.00040224938
       949.00000   0.00040417073
       950.00000   0.00040561831
       951.00000   0.00040672938
       952.00000   0.00040747032
       953.00000   0.00040787086
       954.00000   0.00040783480
       955.00000   0.00040743163
       956.00000   0.00040670461
       957.00000   0.00040563219
       958.00000   0.00040419915
       959.00000   0.00040245080
       960.00000   0.00040038834
       961.00000   0.00039806260
       962.00000   0.00039553319
       963.00000   0.00039296821
       964.00000   0.00039028985
       965.00000   0.00038753275
       966.00000   0.00038479898
       967.00000   0.00038218074
       968.00000   0.00037973141
       969.00000   0.00037735822
       970.00000   0.00037500252
       971.00000   0.00037260156
       972.00000   0.00037007821
       973.00000   0.00036760221
       974.00000   0.00036519637
       975.00000   0.00036278998
       976.00000   0.00036036642
       977.00000   0.00035797368
       978.00000   0.00035571898
       979.00000   0.00035364469
       980.00000   0.00035175636
       981.00000   0.00035001950
       982.00000   0.00034836642
       983.00000   0.00034677429
       984.00000   0.00034524583
       985.00000   0.00034380485
       986.00000   0.00034242936
       987.00000   0.00034106236
       988.00000   0.00033969275
       989.00000   0.00033831231
       990.00000   0.00033701607
       991.00000   0.00033578327
       992.00000   0.00033457266
       993.00000   0.00033339223
       994.00000   0.00033220547
       995.00000   0.00033096385
       996.00000   0.00032969890
       997.00000   0.00032839713
       998.00000   0.00032703193
       999.00000   0.00032552977
       1000.0000   0.00032384783
       1001.0000   0.00032198019
       1002.0000   0.00031990901
       1003.0000   0.00031759359
       1004.0000   0.00031507800
       1005.0000   0.00031238092
       1006.0000   0.00030954029
       1007.0000   0.00030659290
       1008.0000   0.00030354486
       1009.0000   0.00030027988
       1010.0000   0.00029678257
       1011.0000   0.00029309720
       1012.0000   0.00028916500
       1013.0000   0.00028490975
       1014.0000   0.00028022670
       1015.0000   0.00027513142
       1016.0000   0.00026971393
       1017.0000   0.00026398849
       1018.0000   0.00025820955
       1019.0000   0.00025250034
       1020.0000   0.00024684628
       1021.0000   0.00024135249
       1022.0000   0.00023610352
       1023.0000   0.00023118070
       1024.0000   0.00022652285
       1025.0000   0.00022204569
       1026.0000   0.00021772935
       1027.0000   0.00021344806
       1028.0000   0.00020914568
       1029.0000   0.00020475579
       1030.0000   0.00020038488
       1031.0000   0.00019601924
       1032.0000   0.00019166689
       1033.0000   0.00018743853
       1034.0000   0.00018337441
       1035.0000   0.00017952335
       1036.0000   0.00017600834
       1037.0000   0.00017282241
       1038.0000   0.00017005054
       1039.0000   0.00016753240
       1040.0000   0.00016528009
       1041.0000   0.00016325600
       1042.0000   0.00016128898
       1043.0000   0.00015931250
       1044.0000   0.00015729569
       1045.0000   0.00015520322
       1046.0000   0.00015298890
       1047.0000   0.00015060540
       1048.0000   0.00014815469
       1049.0000   0.00014560781
       1050.0000   0.00014296851
       1051.0000   0.00014041297
       1052.0000   0.00013798058
       1053.0000   0.00013563913
       1054.0000   0.00013321038
       1055.0000   0.00013079252
       1056.0000   0.00012849376
       1057.0000   0.00012631353
       1058.0000   0.00012426173
       1059.0000   0.00012237648
       1060.0000   0.00012060640
       1061.0000   0.00011892049
       1062.0000   0.00011740971
       1063.0000   0.00011622395
       1064.0000   0.00011528657
       1065.0000   0.00011447142
       1066.0000   0.00011373043
       1067.0000   0.00011308484
       1068.0000   0.00011244447
       1069.0000   0.00011166831
       1070.0000   0.00011073843
       1071.0000   0.00010963049
       1072.0000   0.00010821885
       1073.0000   0.00010650402
       1074.0000   0.00010453879
       1075.0000   0.00010224896
       1076.0000   9.9535115e-05
       1077.0000   9.6507910e-05
       1078.0000   9.3330915e-05
       1079.0000   9.0115434e-05
       1080.0000   8.6731015e-05
       1081.0000   8.3341896e-05
       1082.0000   7.9973709e-05
       1083.0000   7.6576711e-05
       1084.0000   7.3318322e-05
       1085.0000   7.0416835e-05
       1086.0000   6.7837800e-05
       1087.0000   6.5535953e-05
       1088.0000   6.3400252e-05
       1089.0000   6.1540804e-05
       1090.0000   5.9833178e-05
       1091.0000   5.8225023e-05
       1092.0000   5.6817986e-05
       1093.0000   5.5513158e-05
       1094.0000   5.4097799e-05
       1095.0000   5.2565924e-05
       1096.0000   5.0896751e-05
       1097.0000   4.9274803e-05
       1098.0000   4.7728878e-05
       1099.0000   4.6345726e-05
       1100.0000   4.5197945e-05
       1101.0000   4.4132097e-05
       1102.0000   4.2973541e-05
       1103.0000   4.1776425e-05
       1104.0000   4.0513094e-05
       1105.0000   3.9261396e-05
       1106.0000   3.7911988e-05
       1107.0000   3.6364723e-05
       1108.0000   3.4566271e-05
       1109.0000   3.2541723e-05
       1110.0000   3.0465877e-05
       1111.0000   2.8588561e-05
       1112.0000   2.6938020e-05
       1113.0000   2.5654504e-05
       1114.0000   2.4586729e-05
       1115.0000   2.3582495e-05
       1116.0000   2.2738605e-05
       1117.0000   2.2154881e-05
       1118.0000   2.1760839e-05
       1119.0000   2.1458624e-05
       1120.0000   2.1193707e-05
       1121.0000   2.0945345e-05
       1122.0000   2.0493930e-05
       1123.0000   1.9913781e-05
       1124.0000   1.9316756e-05
       1125.0000   1.8687458e-05
       1126.0000   1.7927540e-05
       1127.0000   1.7016567e-05
       1128.0000   1.5901646e-05
       1129.0000   1.4555320e-05
       1130.0000   1.3060892e-05
       1131.0000   1.1589208e-05
       1132.0000   1.0144137e-05
       1133.0000   8.7718507e-06
       1134.0000   7.3516435e-06
       1135.0000   5.8363399e-06
       1136.0000   4.2792760e-06
       1137.0000   2.7715617e-06
       1138.0000   1.4413125e-06
       1139.0000   2.2514874e-07
       1140.0000       0.0000000
       1141.0000       0.0000000
       1142.0000       0.0000000
       1143.0000       0.0000000
       1144.0000       0.0000000
       1145.0000       0.0000000
       1146.0000       0.0000000
       1147.0000       0.0000000
       1148.0000       0.0000000
       1149.0000       0.0000000
       1150.0000       0.0000000
       1151.0000       0.0000000
       1152.0000       0.0000000
       1153.0000   2.7682234e-07
       1154.0000   8.0361845e-07
       1155.0000   1.1878174e-06
       1156.0000   1.2688320e-06
       1157.0000   1.0484445e-06
       1158.0000   6.9406639e-07
       1159.0000   1.2752272e-07
       1160.0000       0.0000000
       1161.0000       0.0000000
       1162.0000       0.0000000
       1163.0000       0.0000000
       1164.0000       0.0000000
       1165.0000       0.0000000
       1166.0000       0.0000000
       1167.0000       0.0000000
       1168.0000       0.0000000
       1169.0000       0.0000000
       1170.0000       0.0000000
       1171.0000       0.0000000
       1172.0000       0.0000000
       1173.0000       0.0000000
       1174.0000       0.0000000
       1175.0000       0.0000000
       1176.0000       0.0000000
       1177.0000       0.0000000
       1178.0000       0.0000000
       1179.0000       0.0000000
       1180.0000       0.0000000
       1181.0000       0.0000000
       1182.0000       0.0000000
       1183.0000       0.0000000
       1184.0000       0.0000000
       1185.0000       0.0000000
       1186.0000       0.0000000
       1187.0000       0.0000000
       1188.0000       0.0000000
       1189.0000       0.0000000
       1190.0000       0.0000000
       1191.0000       0.0000000
       1192.0000       0.0000000
       1193.0000       0.0000000
       1194.0000       0.0000000
       1195.0000       0.0000000
       1196.0000       0.0000000
       1197.0000       0.0000000
       1198.0000       0.0000000
       1199.0000       0.0000000
       1200.0000       0.0000000
       1201.0000       0.0000000
       1202.0000       0.0000000
       1203.0000       0.0000000
       1204.0000       0.0000000
       1205.0000       0.0000000
       1206.0000       0.0000000
       1207.0000       0.0000000
       1208.0000       0.0000000
       1209.0000   6.2445151e-18
       1210.0000   6.2445151e-18
       1211.0000   6.2445151e-18
       1212.0000   6.2445151e-18
       1213.0000   6.2445151e-18
       1214.0000   6.2445151e-18
       1215.0000   6.2445151e-18
       1216.0000   6.2445151e-18
       1217.0000   6.2445151e-18
       1218.0000   6.2445151e-18
       1219.0000   6.2445151e-18
       1220.0000   6.2445151e-18
       1221.0000   6.2445151e-18
       1222.0000   6.2445151e-18
       1223.0000   6.2445151e-18
       1224.0000   6.2445151e-18
       1225.0000   6.2445151e-18
       1226.0000   6.2445151e-18
       1227.0000   6.2445151e-18
       1228.0000   6.2445151e-18
       1229.0000   6.2445151e-18
       1230.0000   6.2445151e-18
       1231.0000   6.2445151e-18
       1232.0000   6.2445151e-18
       1233.0000   6.2445151e-18
       1234.0000   6.2445151e-18
       1235.0000   6.2445151e-18
       1236.0000   6.2445151e-18
       1237.0000   6.2445151e-18
       1238.0000   6.2445151e-18
       1239.0000   6.2445151e-18
       1240.0000   6.2445151e-18
       1241.0000   6.2445151e-18
       1242.0000   6.2445151e-18
       1243.0000   6.2445151e-18
       1244.0000   6.2445151e-18
       1245.0000   6.2445151e-18
       1246.0000   6.2445151e-18
       1247.0000   6.2445151e-18
       1248.0000   6.2445151e-18
       1249.0000   6.2445151e-18
       1250.0000   6.2445151e-18
       1251.0000   6.2445151e-18
       1252.0000   6.2445151e-18
       1253.0000   6.2445151e-18
       1254.0000   6.2445151e-18
       1255.0000   6.2445151e-18
       1256.0000   6.2445151e-18
       1257.0000   6.2445151e-18
       1258.0000   6.2445151e-18
       1259.0000   6.2445151e-18
       1260.0000   6.2445151e-18
       1261.0000   6.2445151e-18
       1262.0000   6.2445151e-18
       1263.0000   6.2445151e-18
       1264.0000   6.2445151e-18
       1265.0000   6.2445151e-18
       1266.0000   6.2445151e-18
       1267.0000   6.2445151e-18
       1268.0000   6.2445151e-18
       1269.0000   6.2445151e-18
       1270.0000   6.2445151e-18
       1271.0000   6.2445151e-18
       1272.0000   6.2445151e-18
       1273.0000   6.2445151e-18
       1274.0000   6.2445151e-18
       1275.0000   6.2445151e-18
       1276.0000   6.2445151e-18
       1277.0000   6.2445151e-18
       1278.0000   6.2445151e-18
       1279.0000   6.2445151e-18
       1280.0000   6.2445151e-18
       1281.0000   6.2445151e-18
       1282.0000   6.2445151e-18
       1283.0000   6.2445151e-18
       1284.0000   6.2445151e-18
       1285.0000   6.2445151e-18
       1286.0000   6.2445151e-18
       1287.0000   6.2445151e-18
       1288.0000   6.2445151e-18
       1289.0000   6.2445151e-18
       1290.0000   6.2445151e-18
       1291.0000   6.2445151e-18
       1292.0000   6.2445151e-18
       1293.0000   6.2445151e-18
       1294.0000   6.2445151e-18
       1295.0000   6.2445151e-18
       1296.0000   6.2445151e-18
       1297.0000   6.2445151e-18
       1298.0000   6.2445151e-18
       1299.0000   6.2445151e-18
       1300.0000   6.2445151e-18
       1301.0000   6.2445151e-18
       1302.0000   6.2445151e-18
       1303.0000   6.2445151e-18
       1304.0000   6.2445151e-18
       1305.0000   6.2445151e-18
       1306.0000   6.2445151e-18
       1307.0000   6.2445151e-18
       1308.0000   6.2445151e-18
       1309.0000   6.2445151e-18
       1310.0000   6.2445151e-18
       1311.0000   6.2445151e-18
       1312.0000   6.2445151e-18
       1313.0000   6.2445151e-18
       1314.0000   6.2445151e-18
       1315.0000   6.2445151e-18
       1316.0000   6.2445151e-18
       1317.0000   6.2445151e-18
       1318.0000   6.2445151e-18
       1319.0000   6.2445151e-18
       1320.0000   6.2445151e-18
       1321.0000   6.2445151e-18
       1322.0000   6.2445151e-18
       1323.0000   6.2445151e-18
       1324.0000   6.2445151e-18
       1325.0000   6.2445151e-18
       1326.0000   6.2445151e-18
       1327.0000   6.2445151e-18
       1328.0000   6.2445151e-18
       1329.0000   6.2445151e-18
       1330.0000   6.2445151e-18
       1331.0000   6.2445151e-18
       1332.0000   6.2445151e-18
       1333.0000   6.2445151e-18
       1334.0000   6.2445151e-18
       1335.0000   6.2445151e-18
       1336.0000   6.2445151e-18
       1337.0000   6.2445151e-18
       1338.0000   6.2445151e-18
       1339.0000   6.2445151e-18
       1340.0000   6.2445151e-18
       1341.0000   6.2445151e-18
       1342.0000   6.2445151e-18
       1343.0000   6.2445151e-18
       1344.0000   6.2445151e-18
       1345.0000   6.2445151e-18
       1346.0000   6.2445151e-18
       1347.0000   6.2445151e-18
       1348.0000   6.2445151e-18
       1349.0000   6.2445151e-18
       1350.0000   6.2445151e-18
       1351.0000   6.2445151e-18
       1352.0000   6.2445151e-18
       1353.0000   6.2445151e-18
       1354.0000   6.2445151e-18
       1355.0000   6.2445151e-18
       1356.0000   6.2445151e-18
       1357.0000   6.2445151e-18
       1358.0000   6.2445151e-18
       1359.0000   6.2445151e-18
       1360.0000   6.2445151e-18
       1361.0000   6.2445151e-18
       1362.0000   6.2445151e-18
       1363.0000   6.2445151e-18
       1364.0000   6.2445151e-18
       1365.0000   6.2445151e-18
       1366.0000   6.2445151e-18
       1367.0000   6.2445151e-18
       1368.0000   6.2445151e-18
       1369.0000   6.2445151e-18
       1370.0000   6.2445151e-18
       1371.0000   6.2445151e-18
       1372.0000   6.2445151e-18
       1373.0000   6.2445151e-18
       1374.0000   6.2445151e-18
       1375.0000   6.2445151e-18
       1376.0000   6.2445151e-18
       1377.0000   6.2445151e-18
       1378.0000   6.2445151e-18
       1379.0000   6.2445151e-18
       1380.0000   6.2445151e-18
       1381.0000   6.2445151e-18
       1382.0000   6.2445151e-18
       1383.0000   6.2445151e-18
       1384.0000   6.2445151e-18
       1385.0000   6.2445151e-18
       1386.0000   6.2445151e-18
       1387.0000   6.2445151e-18
       1388.0000   6.2445151e-18
       1389.0000   6.2445151e-18
       1390.0000   6.2445151e-18
       1391.0000   6.2445151e-18
       1392.0000   6.2445151e-18
       1393.0000   6.2445151e-18
       1394.0000   6.2445151e-18
       1395.0000   6.2445151e-18
       1396.0000   6.2445151e-18
       1397.0000   6.2445151e-18
       1398.0000   6.2445151e-18
       1399.0000   6.2445151e-18
       1400.0000   6.2445151e-18
       1401.0000   6.2445151e-18
       1402.0000   6.2445151e-18
       1403.0000   6.2445151e-18
       1404.0000   6.2445151e-18
       1405.0000   6.2445151e-18
       1406.0000   6.2445151e-18
       1407.0000   6.2445151e-18
       1408.0000   6.2445151e-18
       1409.0000   6.2445151e-18
       1410.0000   6.2445151e-18
       1411.0000   6.2445151e-18
       1412.0000   6.2445151e-18
       1413.0000   6.2445151e-18
       1414.0000   6.2445151e-18
       1415.0000   6.2445151e-18
       1416.0000   6.2445151e-18
       1417.0000   6.2445151e-18
       1418.0000   6.2445151e-18
       1419.0000   6.2445151e-18
       1420.0000   6.2445151e-18
       1421.0000   6.2445151e-18
       1422.0000   6.2445151e-18
       1423.0000   6.2445151e-18
       1424.0000   6.2445151e-18
       1425.0000   6.2445151e-18
       1426.0000   6.2445151e-18
       1427.0000   6.2445151e-18
       1428.0000   6.2445151e-18
       1429.0000   6.2445151e-18
       1430.0000   6.2445151e-18
       1431.0000   6.2445151e-18
       1432.0000   6.2445151e-18
       1433.0000   6.2445151e-18
       1434.0000   6.2445151e-18
       1435.0000   6.2445151e-18
       1436.0000   6.2445151e-18
       1437.0000   6.2445151e-18
       1438.0000   6.2445151e-18
       1439.0000   6.2445151e-18
       1440.0000   6.2445151e-18
       1441.0000   6.2445151e-18
       1442.0000   6.2445151e-18
       1443.0000   6.2445151e-18
       1444.0000   6.2445151e-18
       1445.0000   6.2445151e-18
       1446.0000   6.2445151e-18
       1447.0000   6.2445151e-18
       1448.0000   6.2445151e-18
       1449.0000   6.2445151e-18
       1450.0000   6.2445151e-18
       1451.0000   6.2445151e-18
       1452.0000   6.2445151e-18
       1453.0000   6.2445151e-18
       1454.0000   6.2445151e-18
       1455.0000   6.2445151e-18
       1456.0000   6.2445151e-18
       1457.0000   6.2445151e-18
       1458.0000   6.2445151e-18
       1459.0000   6.2445151e-18
       1460.0000   6.2445151e-18
       1461.0000   6.2445151e-18
       1462.0000   6.2445151e-18
       1463.0000   6.2445151e-18
       1464.0000   6.2445151e-18
       1465.0000   6.2445151e-18
       1466.0000   6.2445151e-18
       1467.0000   6.2445151e-18
       1468.0000   6.2445151e-18
       1469.0000   6.2445151e-18
       1470.0000   6.2445151e-18
       1471.0000   6.2445151e-18
       1472.0000   6.2445151e-18
       1473.0000   6.2445151e-18
       1474.0000   6.2445151e-18
       1475.0000   6.2445151e-18
       1476.0000   6.2445151e-18
       1477.0000   6.2445151e-18
       1478.0000   6.2445151e-18
       1479.0000   6.2445151e-18
       1480.0000   6.2445151e-18
       1481.0000   6.2445151e-18
       1482.0000   6.2445151e-18
       1483.0000   6.2445151e-18
       1484.0000   6.2445151e-18
       1485.0000   6.2445151e-18
       1486.0000   6.2445151e-18
       1487.0000   6.2445151e-18
       1488.0000   6.2445151e-18
       1489.0000   6.2445151e-18
       1490.0000   6.2445151e-18
       1491.0000   6.2445151e-18
       1492.0000   6.2445151e-18
       1493.0000   6.2445151e-18
       1494.0000   6.2445151e-18
       1495.0000   6.2445151e-18
       1496.0000   6.2445151e-18
       1497.0000   6.2445151e-18
       1498.0000   6.2445151e-18
       1499.0000   6.2445151e-18
       1500.0000   6.2445151e-18
       1501.0000   6.2445151e-18
       1502.0000   6.2445151e-18
       1503.0000   6.2445151e-18
       1504.0000   6.2445151e-18
       1505.0000   6.2445151e-18
       1506.0000   6.2445151e-18
       1507.0000   6.2445151e-18
       1508.0000   6.2445151e-18
       1509.0000   6.2445151e-18
       1510.0000   6.2445151e-18
       1511.0000   6.2445151e-18
       1512.0000   6.2445151e-18
       1513.0000   6.2445151e-18
       1514.0000   6.2445151e-18
       1515.0000   6.2445151e-18
       1516.0000   6.2445151e-18
       1517.0000   6.2445151e-18
       1518.0000   6.2445151e-18
       1519.0000   6.2445151e-18
       1520.0000   6.2445151e-18
       1521.0000   6.2445151e-18
       1522.0000   6.2445151e-18
       1523.0000   6.2445151e-18
       1524.0000   6.2445151e-18
       1525.0000   6.2445151e-18
       1526.0000   6.2445151e-18
       1527.0000   6.2445151e-18
       1528.0000   6.2445151e-18
       1529.0000   6.2445151e-18
       1530.0000   6.2445151e-18
       1531.0000   6.2445151e-18
       1532.0000   6.2445151e-18
       1533.0000   6.2445151e-18
       1534.0000   6.2445151e-18
       1535.0000   6.2445151e-18
