       3.5000000      0.13385417    0.0062013173   3.7739997e-05
       11.500000      0.20156250   0.00011523169   6.5485810e-06
       19.500000      0.26927084   4.4709340e-05   4.5790702e-06
       27.500000      0.33697917   7.8759819e-05   6.0843247e-06
       35.500000      0.40468750   0.00014322158   8.2399956e-06
       43.500000      0.47239583   0.00021794335   1.0197690e-05
       51.500000      0.54010417   0.00021727327   1.0177590e-05
       59.500000      0.60781250   0.00024708551   1.0844226e-05
       67.500000      0.67552083   0.00026744704   1.1288553e-05
       75.500000      0.74322917   0.00024632568   1.0845157e-05
       83.500000      0.81093750   0.00025045808   1.0923486e-05
       91.500000      0.87864583   0.00021868994   1.0186004e-05
       99.500000      0.94635417   0.00020960367   9.9861656e-06
       107.50000       1.0140625   0.00020562066   9.8932848e-06
       115.50000       1.0817708   0.00018788451   9.4651940e-06
       123.50000       1.1494792   0.00018866637   9.4848587e-06
       131.50000       1.2171875   0.00017573702   9.1396853e-06
       139.50000       1.2848958   0.00016803954   8.9490227e-06
       147.50000       1.3526042   0.00017546984   9.1436151e-06
       155.50000       1.4203125   0.00019928490   9.7389571e-06
       163.50000       1.4880208   0.00021758782   1.0179958e-05
       171.50000       1.5557292   0.00020040124   9.7570218e-06
       179.50000       1.6234375   0.00016170243   8.7736124e-06
       187.50000       1.6911458   0.00016107613   8.7669034e-06
       195.50000       1.7588542   0.00016452623   8.8448923e-06
       203.50000       1.8265625   0.00015807898   8.6799637e-06
       211.50000       1.8942708   0.00013988097   8.1628586e-06
       219.50000       1.9619792   0.00014801509   8.3990133e-06
       227.50000       2.0296875   0.00013370825   7.9763497e-06
       235.50000       2.0973958   0.00014539377   8.3280392e-06
       243.50000       2.1651042   0.00013950064   8.1533685e-06
       251.50000       2.2328125   0.00012067995   7.5750400e-06
       259.50000       2.3005208   0.00012954477   7.8568164e-06
       267.50000       2.3682292   0.00014216481   8.2335784e-06
       275.50000       2.4359375   0.00012916731   7.8481867e-06
       283.50000       2.5036458   0.00011487780   7.3964098e-06
       291.50000       2.5713542   0.00011871286   7.5164608e-06
       299.50000       2.6390625   0.00012175057   7.6175046e-06
       307.50000       2.7067708   0.00011108133   7.2661921e-06
       315.50000       2.7744792   0.00011880367   7.5290506e-06
       323.50000       2.8421875   0.00011138903   7.2812205e-06
       331.50000       2.9098958   0.00010529277   7.0733534e-06
       339.50000       2.9776042   0.00010804756   7.1760734e-06
       347.50000       3.0453125   0.00012095334   7.5796711e-06
       355.50000       3.1130208   0.00011277582   7.3311442e-06
       363.50000       3.1807292   0.00011244444   7.3121404e-06
       371.50000       3.2484375   9.8265256e-05   6.8440414e-06
       379.50000       3.3161458   0.00010063305   6.9197818e-06
       387.50000       3.3838542   0.00010474486   7.0606608e-06
       395.50000       3.4515625   0.00010745817   7.1585602e-06
       403.50000       3.5192708   9.9746526e-05   6.8843925e-06
       411.50000       3.5869792   0.00010151864   6.9484184e-06
       419.50000       3.6546875   8.8263202e-05   6.4664938e-06
       427.50000       3.7223958   0.00010941741   7.2173023e-06
       435.50000       3.7901042   0.00010137940   6.9381749e-06
       443.50000       3.8578125   9.8389554e-05   6.8249347e-06
       451.50000       3.9255208   9.2221421e-05   6.6283081e-06
       459.50000       3.9932292   0.00010255111   6.9775829e-06
       467.50000       4.0609375   8.9538164e-05   6.5218150e-06
       475.50000       4.1286458   7.6237085e-05   6.0010598e-06
       483.50000       4.1963542   8.5149902e-05   6.3646523e-06
       491.50000       4.2640625   9.7982528e-05   6.8264143e-06
       499.50000       4.3317708   8.5522302e-05   6.3875642e-06
       507.50000       4.3994792   9.2037670e-05   6.6218791e-06
       515.50000       4.4671875   8.2390027e-05   6.2657634e-06
       523.50000       4.5348958   8.6441230e-05   6.4161162e-06
       531.50000       4.6026042   8.9544787e-05   6.5085819e-06
       539.50000       4.6703125   8.2372627e-05   6.2213454e-06
       547.50000       4.7380208   8.4100602e-05   6.3245980e-06
       555.50000       4.8057292   8.5825195e-05   6.3737157e-06
       563.50000       4.8734375   8.0223848e-05   6.1676365e-06
       571.50000       4.9411458   8.9771974e-05   6.5143340e-06
       579.50000       5.0088542   7.6648538e-05   6.0325618e-06
       587.50000       5.0765625   8.5373170e-05   6.3577779e-06
       595.50000       5.1442708   9.2513952e-05   6.5963950e-06
       603.50000       5.2119792   7.2064431e-05   5.8540144e-06
       611.50000       5.2796875   7.8181844e-05   6.1085873e-06
       619.50000       5.3473958   8.4155560e-05   6.3157324e-06
       627.50000       5.4151042   8.7638189e-05   6.4619124e-06
       635.50000       5.4828125   8.5677294e-05   6.3827504e-06
       643.50000       5.5505208   8.1598330e-05   6.2264900e-06
       651.50000       5.6182292   8.5280653e-05   6.3603858e-06
       659.50000       5.6859375   9.0933713e-05   6.5624519e-06
       667.50000       5.7536458   8.7063500e-05   6.4268826e-06
       675.50000       5.8213542   8.4074851e-05   6.3185753e-06
       683.50000       5.8890625   8.5104561e-05   6.3690758e-06
       691.50000       5.9567708   7.5376475e-05   5.9852551e-06
       699.50000       6.0244792   8.5061682e-05   6.3584545e-06
       707.50000       6.0921875   7.7368840e-05   6.0533873e-06
       715.50000       6.1598958   9.2331221e-05   6.6177788e-06
       723.50000       6.2276042   8.5538792e-05   6.3645267e-06
       731.50000       6.2953125   8.1296353e-05   6.2125248e-06
       739.50000       6.3630208   9.4288206e-05   6.6813103e-06
       747.50000       6.4307292   7.1024473e-05   5.8125317e-06
       755.50000       6.4984375   8.2772912e-05   6.2711357e-06
       763.50000       6.5661458   8.1897445e-05   6.2402287e-06
       771.50000       6.6338542   9.2333053e-05   6.5762092e-06
       779.50000       6.7015625   8.1263114e-05   6.2047108e-06
       787.50000       6.7692708   8.9343591e-05   6.5063768e-06
       795.50000       6.8369792   8.8718887e-05   6.4976445e-06
       803.50000       6.9046875   9.9175181e-05   6.8631523e-06
       811.50000       6.9723958   8.8051310e-05   6.4574408e-06
       819.50000       7.0401042   9.1458195e-05   6.5755887e-06
       827.50000       7.1078125   9.9237335e-05   6.8604682e-06
       835.50000       7.1755208   0.00010371240   7.0220841e-06
       843.50000       7.2432292   0.00011091474   7.2734057e-06
       851.50000       7.3109375   9.9995314e-05   6.8982117e-06
       859.50000       7.3786458   0.00011316106   7.3337334e-06
       867.50000       7.4463542   0.00015914062   8.7097304e-06
       875.50000       7.5140625   0.00016665690   8.9063577e-06
       883.50000       7.5817708   0.00016271351   8.7800463e-06
       891.50000       7.6494792   0.00013360084   7.9675322e-06
       899.50000       7.7171875   0.00014641543   8.3404721e-06
       907.50000       7.7848958   0.00011952317   7.5492093e-06
       915.50000       7.8526042   0.00013184733   7.9145137e-06
       923.50000       7.9203125   0.00014278958   8.2467918e-06
       931.50000       7.9880208   0.00015871406   8.6963079e-06
       939.50000       8.0557292   0.00019463005   9.6315973e-06
       947.50000       8.1234375   0.00018091622   9.2879959e-06
       955.50000       8.1911458   0.00018971562   9.5004792e-06
       963.50000       8.2588542   0.00018145729   9.3025857e-06
       971.50000       8.3265625   0.00016985259   8.9944286e-06
       979.50000       8.3942708   0.00019350845   9.6048043e-06
       987.50000       8.4619792   0.00019542444   9.6580585e-06
       995.50000       8.5296875   0.00022604670   1.0376287e-05
       1003.5000       8.5973958   0.00026382357   1.1211667e-05
       1011.5000       8.6651042   0.00031505619   1.2265587e-05
       1019.5000       8.7328125   0.00029047629   1.1768368e-05
       1027.5000       8.8005208   0.00025915463   1.1117614e-05
       1035.5000       8.8682292   0.00027615072   1.1480947e-05
       1043.5000       8.9359375   0.00027750742   1.1497773e-05
       1051.5000       9.0036458   0.00028957563   1.1755776e-05
       1059.5000       9.0713542   0.00029107589   1.1787605e-05
       1067.5000       9.1390625   0.00033083363   1.2560087e-05
       1075.5000       9.2067708   0.00032368076   1.2425199e-05
       1083.5000       9.2744792   0.00031499556   1.2258321e-05
       1091.5000       9.3421875   0.00034606458   1.2841823e-05
       1099.5000       9.4098958   0.00035703066   1.3055708e-05
       1107.5000       9.4776042   0.00040529306   1.3909827e-05
       1115.5000       9.5453125   0.00038829140   1.3614594e-05
       1123.5000       9.6130208   0.00040594685   1.3921644e-05
       1131.5000       9.6807292   0.00041492383   1.4064194e-05
       1139.5000       9.7484375   0.00044651272   1.4598123e-05
       1147.5000       9.8161458   0.00046393112   1.4874749e-05
       1155.5000       9.8838542   0.00047160805   1.4996151e-05
       1163.5000       9.9515625   0.00048289815   1.5178229e-05
       1171.5000       10.019271   0.00048755623   1.5258492e-05
       1179.5000       10.086979   0.00051139810   1.5622925e-05
       1187.5000       10.154687   0.00053550876   1.5990855e-05
       1195.5000       10.222396   0.00054360576   1.6109520e-05
       1203.5000       10.290104   0.00054478223   1.6125361e-05
       1211.5000       10.357812   0.00057458245   1.6565116e-05
       1219.5000       10.425521   0.00058254196   1.6673161e-05
       1227.5000       10.493229   0.00060744725   1.7027537e-05
       1235.5000       10.560937   0.00062690705   1.7301497e-05
       1243.5000       10.628646   0.00066678546   1.7841559e-05
       1251.5000       10.696354   0.00064318056   1.7521472e-05
       1259.5000       10.764062   0.00064533033   1.7550813e-05
       1267.5000       10.831771   0.00063527175   1.7408674e-05
       1275.5000       10.899479   0.00064758454   1.7578298e-05
       1283.5000       10.967187   0.00069099340   1.8159528e-05
       1291.5000       11.034896   0.00069954142   1.8259479e-05
       1299.5000       11.102604   0.00071391264   1.8459134e-05
       1307.5000       11.170312   0.00074274076   1.8832220e-05
       1315.5000       11.238021   0.00074807562   1.8893927e-05
       1323.5000       11.305729   0.00075734216   1.9011202e-05
       1331.5000       11.373437   0.00076867992   1.9155354e-05
       1339.5000       11.441146   0.00079163743   1.9444402e-05
       1347.5000       11.508854   0.00081785435   1.9759651e-05
       1355.5000       11.576562   0.00082034368   1.9790289e-05
       1363.5000       11.644271   0.00081020909   1.9669702e-05
       1371.5000       11.711979   0.00082188620   1.9808676e-05
       1379.5000       11.779687   0.00085430498   2.0188749e-05
       1387.5000       11.847396   0.00084303609   2.0058517e-05
       1395.5000       11.915104   0.00083392910   1.9956866e-05
       1403.5000       11.982812   0.00085119790   2.0162235e-05
       1411.5000       12.050521   0.00086164686   2.0283647e-05
       1419.5000       12.118229   0.00088034878   2.0500913e-05
       1427.5000       12.185937   0.00092350618   2.0999506e-05
       1435.5000       12.253646   0.00088187691   2.0521969e-05
       1443.5000       12.321354   0.00094871750   2.1284603e-05
       1451.5000       12.389062   0.00088787334   2.0589725e-05
       1459.5000       12.456771   0.00091088278   2.0850728e-05
       1467.5000       12.524479   0.00092474804   2.1012011e-05
       1475.5000       12.592187   0.00096259068   2.1441516e-05
       1483.5000       12.659896   0.00096831135   2.1496943e-05
       1491.5000       12.727604   0.00095534128   2.1357340e-05
       1499.5000       12.795312   0.00095571969   2.1361350e-05
       1507.5000       12.863021   0.00095363613   2.1342288e-05
       1515.5000       12.930729   0.00099924509   2.1843589e-05
       1523.5000       12.998437    0.0010064168   2.1925623e-05
       1531.5000       13.066146    0.0012387472   2.4040527e-05
