       0.0000000      0.10423177      0.15745640   0.00077574052
       1.0000000      0.11269531     0.028575398   0.00033047031
       2.0000000      0.12115886     0.013988967   0.00023122199
       3.0000000      0.12962240    0.0062671877   0.00015476497
       4.0000000      0.13808594    0.0025555995   9.8828615e-05
       5.0000000      0.14654948    0.0014484124   7.4401626e-05
       6.0000000      0.15501302   0.00092186461   5.9356718e-05
       7.0000000      0.16347656   0.00069255302   5.1447328e-05
       8.0000000      0.17194011   0.00048627305   4.3109840e-05
       9.0000000      0.18040365   0.00034031156   3.6064064e-05
       10.000000      0.18886719   0.00024096461   3.0346803e-05
       11.000000      0.19733073   0.00015318650   2.4196166e-05
       12.000000      0.20579427   9.2036264e-05   1.8754945e-05
       13.000000      0.21425781   7.8150691e-05   1.7282347e-05
       14.000000      0.22272136   2.6819138e-05   1.0124153e-05
       15.000000      0.23118490   2.7951203e-05   1.0335621e-05
       16.000000      0.23964844   3.0225578e-05   1.0747900e-05
       17.000000      0.24811198   3.1267213e-05   1.0931529e-05
       18.000000      0.25657552   4.0399030e-05   1.2425726e-05
       19.000000      0.26503906   7.3189651e-05   1.6724808e-05
       20.000000      0.27350261   4.9822618e-05   1.3799062e-05
       21.000000      0.28196615   5.5214447e-05   1.4526556e-05
       22.000000      0.29042969   4.6421164e-05   1.3319696e-05
       23.000000      0.29889323   4.4696621e-05   1.3069942e-05
       24.000000      0.30735677   6.8205933e-05   1.6145347e-05
       25.000000      0.31582031   6.1177997e-05   1.5290931e-05
       26.000000      0.32428386   0.00011171611   2.0663040e-05
       27.000000      0.33274740   6.1278310e-05   1.5303462e-05
       28.000000      0.34121094   7.7102836e-05   1.7166094e-05
       29.000000      0.34967448   7.8482887e-05   1.7319039e-05
       30.000000      0.35813802   6.7290970e-05   1.6036689e-05
       31.000000      0.36660156   0.00012669936   2.2005109e-05
       32.000000      0.37506511   0.00015229325   2.4125518e-05
       33.000000      0.38352865   0.00011801350   2.1237439e-05
       34.000000      0.39199219   0.00011520562   2.0983269e-05
       35.000000      0.40045573   0.00011770157   2.1209354e-05
       36.000000      0.40891927   0.00013906595   2.3054023e-05
       37.000000      0.41738281   0.00016476018   2.5093569e-05
       38.000000      0.42584636   0.00018588615   2.6653843e-05
       39.000000      0.43430990   0.00017055449   2.5531004e-05
       40.000000      0.44277344   0.00020194981   2.7781650e-05
       41.000000      0.45123698   0.00020586548   2.8049691e-05
       42.000000      0.45970052   0.00021529353   2.8684798e-05
       43.000000      0.46816406   0.00021738119   2.8823538e-05
       44.000000      0.47662761   0.00023871130   3.0204580e-05
       45.000000      0.48509115   0.00024627892   3.0679617e-05
       46.000000      0.49355469   0.00022052076   2.9030937e-05
       47.000000      0.50201823   0.00020178659   2.7770421e-05
       48.000000      0.51048177   0.00022411245   2.9266400e-05
       49.000000      0.51894531   0.00024278642   3.0461305e-05
       50.000000      0.52740886   0.00021257172   2.8502901e-05
       51.000000      0.53587240   0.00020606183   2.8063064e-05
       52.000000      0.54433594   0.00024217890   3.0423170e-05
       53.000000      0.55279948   0.00023174947   2.9760874e-05
       54.000000      0.56126302   0.00018337190   2.6472973e-05
       55.000000      0.56972656   0.00020249457   2.7819095e-05
       56.000000      0.57819011   0.00022126777   2.9080066e-05
       57.000000      0.58665365   0.00020986715   2.8320997e-05
       58.000000      0.59511719   0.00029667347   3.3672524e-05
       59.000000      0.60358073   0.00023166661   2.9755554e-05
       60.000000      0.61204427   0.00023201360   2.9777829e-05
       61.000000      0.62050781   0.00028375275   3.2931109e-05
       62.000000      0.62897136   0.00023404849   2.9908128e-05
       63.000000      0.63743490   0.00028244078   3.2854890e-05
       64.000000      0.64589844   0.00024804098   3.0789174e-05
       65.000000      0.65436198   0.00029401492   3.3521311e-05
       66.000000      0.66282552   0.00031030913   3.4437657e-05
       67.000000      0.67128906   0.00028339599   3.2910400e-05
       68.000000      0.67975261   0.00024832065   3.0806526e-05
       69.000000      0.68821615   0.00028089273   3.2764727e-05
       70.000000      0.69667969   0.00022111960   2.9070328e-05
       71.000000      0.70514323   0.00026466712   3.1804334e-05
       72.000000      0.71360677   0.00026177904   3.1630332e-05
       73.000000      0.72207031   0.00024515295   3.0609404e-05
       74.000000      0.73053386   0.00026283845   3.1694270e-05
       75.000000      0.73899740   0.00024725675   3.0740462e-05
       76.000000      0.74746094   0.00023119328   2.9725141e-05
       77.000000      0.75592448   0.00024601026   3.0662878e-05
       78.000000      0.76438802   0.00023076277   2.9697452e-05
       79.000000      0.77285156   0.00024761382   3.0762651e-05
       80.000000      0.78131511   0.00022211893   2.9135944e-05
       81.000000      0.78977865   0.00029467700   3.3559033e-05
       82.000000      0.79824219   0.00025903369   3.1464036e-05
       83.000000      0.80670573   0.00022091032   2.9056568e-05
       84.000000      0.81516927   0.00023320721   2.9854328e-05
       85.000000      0.82363281   0.00023226515   2.9793967e-05
       86.000000      0.83209636   0.00027993631   3.2708899e-05
       87.000000      0.84055990   0.00027262026   3.2278651e-05
       88.000000      0.84902344   0.00025237458   3.1056972e-05
       89.000000      0.85748698   0.00027843778   3.2621235e-05
       90.000000      0.86595052   0.00024130238   3.0368064e-05
       91.000000      0.87441406   0.00022266050   2.9171442e-05
       92.000000      0.88287761   0.00018889482   2.6868680e-05
       93.000000      0.89134115   0.00022300809   2.9194203e-05
       94.000000      0.89980469   0.00020935851   2.8286656e-05
       95.000000      0.90826823   0.00015725447   2.4515334e-05
       96.000000      0.91673177   0.00026728713   3.1961366e-05
       97.000000      0.92519531   0.00019952512   2.7614367e-05
       98.000000      0.93365886   0.00016422173   2.5052532e-05
       99.000000      0.94212240   0.00021143638   2.8426682e-05
       100.00000      0.95058594   0.00022829002   2.9537911e-05
       101.00000      0.95904948   0.00021468125   2.8643980e-05
       102.00000      0.96751302   0.00020422574   2.7937758e-05
       103.00000      0.97597656   0.00020100589   2.7716648e-05
       104.00000      0.98444011   0.00021072229   2.8378638e-05
       105.00000      0.99290365   0.00021010169   2.8336818e-05
       106.00000       1.0013672   0.00016324321   2.4977782e-05
       107.00000       1.0098307   0.00020366502   2.7899379e-05
       108.00000       1.0182943   0.00019520044   2.7313459e-05
       109.00000       1.0267578   0.00026014128   3.1531233e-05
       110.00000       1.0352214   0.00021498105   2.8663974e-05
       111.00000       1.0436849   0.00019885677   2.7568079e-05
       112.00000       1.0521484   0.00016017156   2.4741671e-05
       113.00000       1.0606120   0.00019081579   2.7004956e-05
       114.00000       1.0690755   0.00017755935   2.6050022e-05
       115.00000       1.0775391   0.00019736693   2.7464614e-05
       116.00000       1.0860026   0.00021289624   2.8524649e-05
       117.00000       1.0944661   0.00020793003   2.8189990e-05
       118.00000       1.1029297   0.00018094257   2.6297029e-05
       119.00000       1.1113932   0.00018101165   2.6302048e-05
       120.00000       1.1198568   0.00016385854   2.5024814e-05
       121.00000       1.1283203   0.00019642355   2.7398897e-05
       122.00000       1.1367839   0.00017700650   2.6009435e-05
       123.00000       1.1452474   0.00019726987   2.7457860e-05
       124.00000       1.1537109   0.00017958184   2.6197962e-05
       125.00000       1.1621745   0.00019420601   2.7243797e-05
       126.00000       1.1706380   0.00022332726   2.9215087e-05
       127.00000       1.1791016   0.00018337683   2.6473328e-05
       128.00000       1.1875651   0.00019474964   2.7281902e-05
       129.00000       1.1960286   0.00022638339   2.9414305e-05
       130.00000       1.2044922   0.00018636880   2.6688423e-05
       131.00000       1.2129557   0.00014657077   2.3667915e-05
       132.00000       1.2214193   0.00016945560   2.5448622e-05
       133.00000       1.2298828   0.00019159623   2.7060125e-05
       134.00000       1.2383464   0.00014929152   2.3886575e-05
       135.00000       1.2468099   0.00015580322   2.4401950e-05
       136.00000       1.2552734   0.00017286889   2.5703646e-05
       137.00000       1.2637370   0.00018391665   2.6512266e-05
       138.00000       1.2722005   0.00017482299   2.5848514e-05
       139.00000       1.2806641   0.00017517072   2.5874208e-05
       140.00000       1.2891276   0.00013115383   2.2388593e-05
       141.00000       1.2975911   0.00016503489   2.5114481e-05
       142.00000       1.3060547   0.00017675506   2.5990955e-05
       143.00000       1.3145182   0.00017077430   2.5547451e-05
       144.00000       1.3229818   0.00021247124   2.8496163e-05
       145.00000       1.3314453   0.00017680583   2.5994687e-05
       146.00000       1.3399089   0.00017554500   2.5901836e-05
       147.00000       1.3483724   0.00017300662   2.5713883e-05
       148.00000       1.3568359   0.00014346961   2.3416192e-05
       149.00000       1.3652995   0.00018902148   2.6877687e-05
       150.00000       1.3737630   0.00016971508   2.5468099e-05
       151.00000       1.3822266   0.00017115712   2.5576069e-05
       152.00000       1.3906901   0.00016343051   2.4992107e-05
       153.00000       1.3991536   0.00021560473   2.8705522e-05
       154.00000       1.4076172   0.00023153210   2.9746914e-05
       155.00000       1.4160807   0.00022637420   2.9413708e-05
       156.00000       1.4245443   0.00021616238   2.8742621e-05
       157.00000       1.4330078   0.00017646796   2.5969838e-05
       158.00000       1.4414714   0.00020001422   2.7648193e-05
       159.00000       1.4499349   0.00017658242   2.5978259e-05
       160.00000       1.4583984   0.00020111288   2.7724023e-05
       161.00000       1.4668620   0.00022092695   2.9057661e-05
       162.00000       1.4753255   0.00025224194   3.1048810e-05
       163.00000       1.4837891   0.00024976101   3.0895742e-05
       164.00000       1.4922526   0.00017531255   2.5884681e-05
       165.00000       1.5007161   0.00021075513   2.8380849e-05
       166.00000       1.5091797   0.00021301026   2.8532286e-05
       167.00000       1.5176432   0.00022810707   2.9526072e-05
       168.00000       1.5261068   0.00022258633   2.9166583e-05
       169.00000       1.5345703   0.00025908834   3.1467356e-05
       170.00000       1.5430339   0.00022498494   2.9323313e-05
       171.00000       1.5514974   0.00019898852   2.7577209e-05
       172.00000       1.5599609   0.00019366074   2.7205524e-05
       173.00000       1.5684245   0.00015259862   2.4149693e-05
       174.00000       1.5768880   0.00018020272   2.6243212e-05
       175.00000       1.5853516   0.00018921627   2.6891533e-05
       176.00000       1.5938151   0.00017943193   2.6187025e-05
       177.00000       1.6022786   0.00014534145   2.3568452e-05
       178.00000       1.6107422   0.00019087485   2.7009135e-05
       179.00000       1.6192057   0.00017506716   2.5866559e-05
       180.00000       1.6276693   0.00017056498   2.5531789e-05
       181.00000       1.6361328   0.00016330477   2.4982491e-05
       182.00000       1.6445964   0.00014785422   2.3771313e-05
       183.00000       1.6530599   0.00013027774   2.2313691e-05
       184.00000       1.6615234   0.00014656959   2.3667819e-05
       185.00000       1.6699870   0.00017792802   2.6077051e-05
       186.00000       1.6784505   0.00016219000   2.4897076e-05
       187.00000       1.6869141   0.00017395151   2.5784007e-05
       188.00000       1.6953776   0.00014546894   2.3578786e-05
       189.00000       1.7038411   0.00016264847   2.4932240e-05
       190.00000       1.7123047   0.00015504911   2.4342824e-05
       191.00000       1.7207682   0.00016789100   2.5330865e-05
       192.00000       1.7292318   0.00016934321   2.5440181e-05
       193.00000       1.7376953   0.00019945408   2.7609451e-05
       194.00000       1.7461589   0.00018177495   2.6357446e-05
       195.00000       1.7546224   0.00015868573   2.4626645e-05
       196.00000       1.7630859   0.00012073757   2.1481150e-05
       197.00000       1.7715495   0.00015698535   2.4494348e-05
       198.00000       1.7800130   0.00017025321   2.5508444e-05
       199.00000       1.7884766   0.00017091962   2.5558318e-05
       200.00000       1.7969401   0.00017290246   2.5706142e-05
       201.00000       1.8054036   0.00015308155   2.4187876e-05
       202.00000       1.8138672   0.00017661471   2.5980634e-05
       203.00000       1.8223307   0.00018100453   2.6301531e-05
       204.00000       1.8307943   0.00014495333   2.3536962e-05
       205.00000       1.8392578   0.00015263588   2.4152641e-05
       206.00000       1.8477214   0.00013436420   2.2660949e-05
       207.00000       1.8561849   0.00015502175   2.4340675e-05
       208.00000       1.8646484   0.00014167119   2.3268966e-05
       209.00000       1.8731120   0.00013316997   2.2560019e-05
       210.00000       1.8815755   0.00011588372   2.1044932e-05
       211.00000       1.8900391   0.00012175229   2.1571229e-05
       212.00000       1.8985026   0.00014865352   2.3835480e-05
       213.00000       1.9069661   0.00015079503   2.4006554e-05
       214.00000       1.9154297   0.00015575889   2.4398478e-05
       215.00000       1.9238932   0.00015775103   2.4554009e-05
       216.00000       1.9323568   0.00015792001   2.4567156e-05
       217.00000       1.9408203   0.00011976584   2.1394532e-05
       218.00000       1.9492839   0.00014421903   2.3477270e-05
       219.00000       1.9577474   0.00015442480   2.4293766e-05
       220.00000       1.9662109   0.00017292204   2.5707597e-05
       221.00000       1.9746745   0.00014661435   2.3671433e-05
       222.00000       1.9831380   0.00014572753   2.3599734e-05
       223.00000       1.9916016   0.00014807026   2.3788674e-05
       224.00000       2.0000651   0.00016943333   2.5446950e-05
       225.00000       2.0085286   0.00011980513   2.1398041e-05
       226.00000       2.0169922   0.00011720134   2.1164236e-05
       227.00000       2.0254557   0.00013980808   2.3115455e-05
       228.00000       2.0339193   0.00013458644   2.2679682e-05
       229.00000       2.0423828   0.00013049745   2.2332499e-05
       230.00000       2.0508464   0.00011491832   2.0957088e-05
       231.00000       2.0593099   0.00015211833   2.4111659e-05
       232.00000       2.0677734   0.00013820184   2.2982286e-05
       233.00000       2.0762370   0.00013185654   2.2448491e-05
       234.00000       2.0847005   0.00014421394   2.3476856e-05
       235.00000       2.0931641   0.00013549213   2.2755865e-05
       236.00000       2.1016276   0.00013846018   2.3003756e-05
       237.00000       2.1100911   0.00016558647   2.5156414e-05
       238.00000       2.1185547   0.00015458734   2.4306547e-05
       239.00000       2.1270182   0.00015822632   2.4590971e-05
       240.00000       2.1354818   0.00014276801   2.3358867e-05
       241.00000       2.1439453   0.00011190056   2.0680091e-05
       242.00000       2.1524089   0.00014462317   2.3510142e-05
       243.00000       2.1608724   0.00013878490   2.3030715e-05
       244.00000       2.1693359   0.00013608494   2.2805592e-05
       245.00000       2.1777995   0.00014433761   2.3486920e-05
       246.00000       2.1862630   0.00016470751   2.5089558e-05
       247.00000       2.1947266   0.00013828429   2.2989141e-05
       248.00000       2.2031901   0.00012187950   2.1582494e-05
       249.00000       2.2116536   0.00010047583   1.9595986e-05
       250.00000       2.2201172   0.00010934933   2.0442988e-05
       251.00000       2.2285807   0.00014331486   2.3403560e-05
       252.00000       2.2370443   0.00013525490   2.2735935e-05
       253.00000       2.2455078   9.9173603e-05   1.9468584e-05
       254.00000       2.2539714   0.00014183020   2.3282021e-05
       255.00000       2.2624349   0.00012323494   2.1702174e-05
       256.00000       2.2708984   0.00011998423   2.1414030e-05
       257.00000       2.2793620   0.00012493886   2.1851692e-05
       258.00000       2.2878255   0.00011236839   2.0723275e-05
       259.00000       2.2962891   0.00013543263   2.2750868e-05
       260.00000       2.3047526   0.00012290896   2.1673452e-05
       261.00000       2.3132161   0.00012536562   2.1888981e-05
       262.00000       2.3216797   0.00015769871   2.4549937e-05
       263.00000       2.3301432   0.00014304978   2.3381906e-05
       264.00000       2.3386068   0.00014248171   2.3335434e-05
       265.00000       2.3470703   0.00015876949   2.4633144e-05
       266.00000       2.3555339   0.00014358031   2.3425224e-05
       267.00000       2.3639974   0.00014441559   2.3493264e-05
       268.00000       2.3724609   0.00013313240   2.2556836e-05
       269.00000       2.3809245   0.00016079293   2.4789615e-05
       270.00000       2.3893880   0.00013709822   2.2890338e-05
       271.00000       2.3978516   0.00012121051   2.1523181e-05
       272.00000       2.4063151   0.00013580546   2.2782162e-05
       273.00000       2.4147786   0.00011214963   2.0703093e-05
       274.00000       2.4232422   0.00014263347   2.3347857e-05
       275.00000       2.4317057   0.00012036441   2.1447929e-05
       276.00000       2.4401693   0.00013441076   2.2664875e-05
       277.00000       2.4486328   0.00014435917   2.3488674e-05
       278.00000       2.4570964   0.00011847289   2.1278735e-05
       279.00000       2.4655599   0.00012891758   2.2196903e-05
       280.00000       2.4740234   0.00010427674   1.9963195e-05
       281.00000       2.4824870   0.00012365995   2.1739565e-05
       282.00000       2.4909505   0.00011979207   2.1396875e-05
       283.00000       2.4994141   0.00011873396   2.1302167e-05
       284.00000       2.5078776   0.00010002877   1.9552342e-05
       285.00000       2.5163411   9.6482783e-05   1.9202652e-05
       286.00000       2.5248047   0.00013006483   2.2295451e-05
       287.00000       2.5332682   0.00013176639   2.2440816e-05
       288.00000       2.5417318   0.00013744593   2.2919348e-05
       289.00000       2.5501953   0.00011226206   2.0713468e-05
       290.00000       2.5586589   0.00013093652   2.2370037e-05
       291.00000       2.5671224   0.00012533301   2.1886133e-05
       292.00000       2.5755859   0.00012348809   2.1724453e-05
       293.00000       2.5840495   9.6844688e-05   1.9238633e-05
       294.00000       2.5925130   9.9332233e-05   1.9484148e-05
       295.00000       2.6009766   0.00013117841   2.2390691e-05
       296.00000       2.6094401   0.00011634445   2.1086726e-05
       297.00000       2.6179036   0.00011641623   2.1093229e-05
       298.00000       2.6263672   0.00013337292   2.2577203e-05
       299.00000       2.6348307   0.00013703739   2.2885260e-05
       300.00000       2.6432943   0.00012073041   2.1480513e-05
       301.00000       2.6517578   0.00011740593   2.1182701e-05
       302.00000       2.6602214   0.00013634626   2.2827478e-05
       303.00000       2.6686849   0.00010092666   1.9639900e-05
       304.00000       2.6771484   0.00010794319   2.0311123e-05
       305.00000       2.6856120   0.00012252904   2.1639929e-05
       306.00000       2.6940755   9.9999496e-05   1.9549480e-05
       307.00000       2.7025391   0.00010440202   1.9975183e-05
       308.00000       2.7110026   0.00010129066   1.9675284e-05
       309.00000       2.7194661   9.0312535e-05   1.8578486e-05
       310.00000       2.7279297   0.00012734671   2.2061253e-05
       311.00000       2.7363932   0.00014404623   2.3463201e-05
       312.00000       2.7448568   0.00011987836   2.1404580e-05
       313.00000       2.7533203   0.00011189126   2.0679231e-05
       314.00000       2.7617839   0.00010917272   2.0426473e-05
       315.00000       2.7702474   0.00013332465   2.2573117e-05
       316.00000       2.7787109   0.00012762922   2.2085711e-05
       317.00000       2.7871745   0.00012348681   2.1724341e-05
       318.00000       2.7956380   0.00011901689   2.1327533e-05
       319.00000       2.8041016   0.00010836561   2.0350827e-05
       320.00000       2.8125651   0.00011094792   2.0591875e-05
       321.00000       2.8210286   0.00012114405   2.1517279e-05
       322.00000       2.8294922   0.00011693395   2.1140079e-05
       323.00000       2.8379557   8.4463662e-05   1.7966822e-05
       324.00000       2.8464193   0.00011767983   2.1207395e-05
       325.00000       2.8548828   0.00010099447   1.9646496e-05
       326.00000       2.8633464   0.00012662015   2.1998230e-05
       327.00000       2.8718099   0.00011872638   2.1301487e-05
       328.00000       2.8802734   9.9962993e-05   1.9545912e-05
       329.00000       2.8887370   8.4259255e-05   1.7945068e-05
       330.00000       2.8972005   0.00011205420   2.0694283e-05
       331.00000       2.9056641   9.2105494e-05   1.8761998e-05
       332.00000       2.9141276   9.2526474e-05   1.8804826e-05
       333.00000       2.9225911   0.00012456303   2.1818801e-05
       334.00000       2.9310547   0.00011656189   2.1106422e-05
       335.00000       2.9395182   0.00012936722   2.2235579e-05
       336.00000       2.9479818   0.00011940842   2.1362584e-05
       337.00000       2.9564453   0.00012435105   2.1800228e-05
       338.00000       2.9649089   0.00010512868   2.0044578e-05
       339.00000       2.9733724   9.4012876e-05   1.8955270e-05
       340.00000       2.9818359   0.00011202613   2.0691691e-05
       341.00000       2.9902995   9.9799120e-05   1.9529884e-05
       342.00000       2.9987630   9.6893634e-05   1.9243494e-05
       343.00000       3.0072266   0.00011683935   2.1131526e-05
       344.00000       3.0156901   9.8423319e-05   1.9394800e-05
       345.00000       3.0241536   0.00013697736   2.2880247e-05
       346.00000       3.0326172   0.00014412053   2.3469252e-05
       347.00000       3.0410807   0.00012553521   2.1903781e-05
       348.00000       3.0495443   0.00011390136   2.0864153e-05
       349.00000       3.0580078   0.00014248504   2.3335706e-05
       350.00000       3.0664714   0.00012314974   2.1694671e-05
       351.00000       3.0749349   9.4018249e-05   1.8955812e-05
       352.00000       3.0833984   9.3656573e-05   1.8919316e-05
       353.00000       3.0918620   0.00011374405   2.0849740e-05
       354.00000       3.1003255   0.00011171801   2.0663215e-05
       355.00000       3.1087891   0.00013720652   2.2899378e-05
       356.00000       3.1172526   0.00011716251   2.1160730e-05
       357.00000       3.1257161   0.00011304219   2.0785314e-05
       358.00000       3.1341797   0.00011343620   2.0821507e-05
       359.00000       3.1426432   0.00010665075   2.0189161e-05
       360.00000       3.1511068   0.00014160961   2.3263908e-05
       361.00000       3.1595703   0.00012287315   2.1670294e-05
       362.00000       3.1680339   0.00010203289   1.9747240e-05
       363.00000       3.1764974   0.00010778581   2.0296311e-05
       364.00000       3.1849609   9.8761410e-05   1.9428083e-05
       365.00000       3.1934245   0.00012645848   2.1984181e-05
       366.00000       3.2018880   0.00011753109   2.1193988e-05
       367.00000       3.2103516   9.0976373e-05   1.8646641e-05
       368.00000       3.2188151   9.4081340e-05   1.8962171e-05
       369.00000       3.2272786   9.9121393e-05   1.9463458e-05
       370.00000       3.2357422   7.8994057e-05   1.7375348e-05
       371.00000       3.2442057   9.5850539e-05   1.9139632e-05
       372.00000       3.2526693   0.00010418040   1.9953970e-05
       373.00000       3.2611328   0.00010437300   1.9972406e-05
       374.00000       3.2695964   0.00010476871   2.0010231e-05
       375.00000       3.2780599   0.00010811758   2.0327523e-05
       376.00000       3.2865234   0.00011220069   2.0707805e-05
       377.00000       3.2949870   0.00011982496   2.1399812e-05
       378.00000       3.3034505   0.00010263428   1.9805350e-05
       379.00000       3.3119141   9.3901817e-05   1.8944071e-05
       380.00000       3.3203776   0.00010538666   2.0069157e-05
       381.00000       3.3288411   9.7185168e-05   1.9272422e-05
       382.00000       3.3373047   7.6352041e-05   1.7082311e-05
       383.00000       3.3457682   0.00010386653   1.9923890e-05
       384.00000       3.3542318   9.2718686e-05   1.8824348e-05
       385.00000       3.3626953   9.4139627e-05   1.8968044e-05
       386.00000       3.3711589   0.00010495510   2.0028023e-05
       387.00000       3.3796224   0.00012316626   2.1696126e-05
       388.00000       3.3880859   0.00012405556   2.1774311e-05
       389.00000       3.3965495   8.6971726e-05   1.8231624e-05
       390.00000       3.4050130   0.00010705354   2.0227249e-05
       391.00000       3.4134766   0.00011118182   2.0613569e-05
       392.00000       3.4219401   0.00010714987   2.0236348e-05
       393.00000       3.4304036   0.00012774968   2.2096131e-05
       394.00000       3.4388672   0.00010469369   2.0003066e-05
       395.00000       3.4473307   0.00011461796   2.0929683e-05
       396.00000       3.4557943   0.00010184184   1.9728743e-05
       397.00000       3.4642578   0.00010584492   2.0112744e-05
       398.00000       3.4727214   9.3654723e-05   1.8919130e-05
       399.00000       3.4811849   0.00010720536   2.0241587e-05
       400.00000       3.4896484   0.00011345011   2.0822783e-05
       401.00000       3.4981120   0.00012598447   2.1942940e-05
       402.00000       3.5065755   0.00011546602   2.1006969e-05
       403.00000       3.5150391   8.4722037e-05   1.7994281e-05
       404.00000       3.5235026   9.1797377e-05   1.8730590e-05
       405.00000       3.5319661   0.00010227820   1.9770964e-05
       406.00000       3.5404297   8.2111468e-05   1.7714880e-05
       407.00000       3.5488932   9.0887328e-05   1.8637514e-05
       408.00000       3.5573568   0.00011297097   2.0778765e-05
       409.00000       3.5658203   8.4130745e-05   1.7931379e-05
       410.00000       3.5742839   8.5441407e-05   1.8070514e-05
       411.00000       3.5827474   8.6776422e-05   1.8211142e-05
       412.00000       3.5912109   0.00011128149   2.0622807e-05
       413.00000       3.5996745   0.00011321668   2.0801350e-05
       414.00000       3.6081380   0.00011509139   2.0972863e-05
       415.00000       3.6166016   0.00011045231   2.0545831e-05
       416.00000       3.6250651   9.6165799e-05   1.9171082e-05
       417.00000       3.6335286   0.00010619000   2.0145504e-05
       418.00000       3.6419922   0.00010158601   1.9703948e-05
       419.00000       3.6504557   7.4886606e-05   1.6917586e-05
       420.00000       3.6589193   6.2172774e-05   1.5414748e-05
       421.00000       3.6673828   7.9528836e-05   1.7434063e-05
       422.00000       3.6758464   0.00010918347   2.0427478e-05
       423.00000       3.6843099   8.7931302e-05   1.8331925e-05
       424.00000       3.6927734   0.00010941888   2.0449488e-05
       425.00000       3.7012370   0.00011594123   2.1050153e-05
       426.00000       3.7097005   0.00010244336   1.9786921e-05
       427.00000       3.7181641   0.00011798195   2.1234601e-05
       428.00000       3.7266276   0.00011079987   2.0578131e-05
       429.00000       3.7350911   8.2732521e-05   1.7781748e-05
       430.00000       3.7435547   0.00012200989   2.1594037e-05
       431.00000       3.7520182   0.00011989577   2.1406134e-05
       432.00000       3.7604818   0.00010794163   2.0310976e-05
       433.00000       3.7689453   0.00012975053   2.2268495e-05
       434.00000       3.7774089   0.00011207782   2.0696464e-05
       435.00000       3.7858724   8.6493533e-05   1.8181434e-05
       436.00000       3.7943359   8.8462347e-05   1.8387197e-05
       437.00000       3.8027995   7.8442497e-05   1.7314582e-05
       438.00000       3.8112630   0.00010994239   2.0498350e-05
       439.00000       3.8197266   0.00010775478   2.0293389e-05
       440.00000       3.8281901   0.00013113877   2.2387307e-05
       441.00000       3.8366536   0.00011275700   2.0759078e-05
       442.00000       3.8451172   7.6214386e-05   1.7066906e-05
       443.00000       3.8535807   9.4235934e-05   1.8977744e-05
       444.00000       3.8620443   7.6893661e-05   1.7142793e-05
       445.00000       3.8705078   8.5030693e-05   1.8027030e-05
       446.00000       3.8789714   0.00011773539   2.1212401e-05
       447.00000       3.8874349   0.00010743077   2.0262856e-05
       448.00000       3.8958984   0.00011667231   2.1116416e-05
       449.00000       3.9043620   8.6509803e-05   1.8183144e-05
       450.00000       3.9128255   9.8167225e-05   1.9369552e-05
       451.00000       3.9212891   9.1050204e-05   1.8654206e-05
       452.00000       3.9297526   8.5775654e-05   1.8105825e-05
       453.00000       3.9382161   9.3242966e-05   1.8877494e-05
       454.00000       3.9466797   8.0092275e-05   1.7495712e-05
       455.00000       3.9551432   9.0495242e-05   1.8597269e-05
       456.00000       3.9636068   0.00010170733   1.9715711e-05
       457.00000       3.9720703   0.00010788816   2.0305945e-05
       458.00000       3.9805339   8.4058589e-05   1.7923687e-05
       459.00000       3.9889974   7.7610979e-05   1.7222567e-05
       460.00000       3.9974609   0.00010335434   1.9874704e-05
       461.00000       4.0059245   0.00013144690   2.2413593e-05
       462.00000       4.0143880   0.00011609063   2.1063711e-05
       463.00000       4.0228516   0.00010840082   2.0354133e-05
       464.00000       4.0313151   9.3398545e-05   1.8893237e-05
       465.00000       4.0397786   7.0346156e-05   1.6396702e-05
       466.00000       4.0482422   8.6831667e-05   1.8216938e-05
       467.00000       4.0567057   0.00011142809   2.0636386e-05
       468.00000       4.0651693   0.00010723121   2.0244027e-05
       469.00000       4.0736328   9.2448634e-05   1.8796914e-05
       470.00000       4.0820964   8.9119891e-05   1.8455407e-05
       471.00000       4.0905599   7.3571606e-05   1.6768392e-05
       472.00000       4.0990234   7.8947071e-05   1.7370180e-05
       473.00000       4.1074870   5.7229150e-05   1.4789209e-05
       474.00000       4.1159505   8.2631567e-05   1.7770895e-05
       475.00000       4.1244141   0.00010080835   1.9628385e-05
       476.00000       4.1328776   8.3192292e-05   1.7831089e-05
       477.00000       4.1413411   8.2497470e-05   1.7756470e-05
       478.00000       4.1498047   5.0987778e-05   1.3959484e-05
       479.00000       4.1582682   8.6873184e-05   1.8221292e-05
       480.00000       4.1667318   9.9318852e-05   1.9482835e-05
       481.00000       4.1751953   8.8494091e-05   1.8390496e-05
       482.00000       4.1836589   7.2566519e-05   1.6653459e-05
       483.00000       4.1921224   9.6192028e-05   1.9173697e-05
       484.00000       4.2005859   8.9392587e-05   1.8483621e-05
       485.00000       4.2090495   8.4271714e-05   1.7946395e-05
       486.00000       4.2175130   6.6313999e-05   1.5919848e-05
       487.00000       4.2259766   9.0222519e-05   1.8569225e-05
       488.00000       4.2344401   0.00010241254   1.9783944e-05
       489.00000       4.2429036   9.4632396e-05   1.9017623e-05
       490.00000       4.2513672   0.00010714001   2.0235416e-05
       491.00000       4.2598307   0.00010499257   2.0031598e-05
       492.00000       4.2682943   0.00011222034   2.0709619e-05
       493.00000       4.2767578   0.00010856322   2.0369373e-05
       494.00000       4.2852214   7.3077312e-05   1.6711968e-05
       495.00000       4.2936849   8.7608643e-05   1.8298260e-05
       496.00000       4.3021484   9.3407852e-05   1.8894178e-05
       497.00000       4.3106120   9.2079731e-05   1.8759374e-05
       498.00000       4.3190755   8.1311652e-05   1.7628392e-05
       499.00000       4.3275391   9.3196829e-05   1.8872823e-05
       500.00000       4.3360026   7.7544777e-05   1.7215220e-05
       501.00000       4.3444661   8.7334132e-05   1.8269570e-05
       502.00000       4.3529297   8.3764834e-05   1.7892341e-05
       503.00000       4.3613932   7.7400097e-05   1.7199153e-05
       504.00000       4.3698568   8.1125440e-05   1.7608195e-05
       505.00000       4.3783203   7.6582284e-05   1.7108048e-05
       506.00000       4.3867839   0.00010002234   1.9551713e-05
       507.00000       4.3952474   0.00010896065   2.0406624e-05
       508.00000       4.4037109   9.0805625e-05   1.8629135e-05
       509.00000       4.4121745   9.4702989e-05   1.9024715e-05
       510.00000       4.4206380   9.5248381e-05   1.9079418e-05
       511.00000       4.4291016   9.2851525e-05   1.8837828e-05
       512.00000       4.4375651   7.4003535e-05   1.6817543e-05
       513.00000       4.4460286   7.9273097e-05   1.7406010e-05
       514.00000       4.4544922   7.1226222e-05   1.6498948e-05
       515.00000       4.4629557   8.5609565e-05   1.8088288e-05
       516.00000       4.4714193   9.6099861e-05   1.9164509e-05
       517.00000       4.4798828   8.4212647e-05   1.7940105e-05
       518.00000       4.4883464   9.4384038e-05   1.8992651e-05
       519.00000       4.4968099   7.7701308e-05   1.7232587e-05
       520.00000       4.5052734   9.5823366e-05   1.9136919e-05
       521.00000       4.5137370   0.00010274260   1.9815798e-05
       522.00000       4.5222005   8.7406357e-05   1.8277122e-05
       523.00000       4.5306641   7.1966265e-05   1.6584439e-05
       524.00000       4.5391276   7.8977237e-05   1.7373498e-05
       525.00000       4.5475911   8.1349890e-05   1.7632537e-05
       526.00000       4.5560547   9.5955693e-05   1.9150128e-05
       527.00000       4.5645182   8.1647393e-05   1.7664749e-05
       528.00000       4.5729818   0.00012308994   2.1689402e-05
       529.00000       4.5814453   7.3215781e-05   1.6727794e-05
       530.00000       4.5899089   0.00011817348   2.1251830e-05
       531.00000       4.5983724   9.1944014e-05   1.8745544e-05
       532.00000       4.6068359   7.5391016e-05   1.6974466e-05
       533.00000       4.6152995   9.4660514e-05   1.9020448e-05
       534.00000       4.6237630   7.0541490e-05   1.6419451e-05
       535.00000       4.6322266   8.3759870e-05   1.7891811e-05
       536.00000       4.6406901   0.00011487597   2.0953226e-05
       537.00000       4.6491536   0.00011136085   2.0630159e-05
       538.00000       4.6576172   6.6903090e-05   1.5990403e-05
       539.00000       4.6660807   5.2737023e-05   1.4196919e-05
       540.00000       4.6745443   6.9027101e-05   1.6242248e-05
       541.00000       4.6830078   9.3642860e-05   1.8917931e-05
       542.00000       4.6914714   9.7788813e-05   1.9332183e-05
       543.00000       4.6999349   7.4396784e-05   1.6862167e-05
       544.00000       4.7083984   9.8167553e-05   1.9369584e-05
       545.00000       4.7168620   7.9060519e-05   1.7382656e-05
       546.00000       4.7253255   9.5278700e-05   1.9082454e-05
       547.00000       4.7337891   9.8825602e-05   1.9434396e-05
       548.00000       4.7422526   7.2748080e-05   1.6674280e-05
       549.00000       4.7507161   6.7563091e-05   1.6069082e-05
       550.00000       4.7591797   8.0405662e-05   1.7529908e-05
       551.00000       4.7676432   8.6667198e-05   1.8199677e-05
       552.00000       4.7761068   8.0949739e-05   1.7589117e-05
       553.00000       4.7845703   9.0228978e-05   1.8569890e-05
       554.00000       4.7930339   8.1994718e-05   1.7702282e-05
       555.00000       4.8014974   0.00011475216   2.0941932e-05
       556.00000       4.8099609   0.00010554584   2.0084307e-05
       557.00000       4.8184245   7.0116482e-05   1.6369913e-05
       558.00000       4.8268880   6.1490602e-05   1.5329948e-05
       559.00000       4.8353516   9.4177238e-05   1.8971833e-05
       560.00000       4.8438151   9.0424286e-05   1.8589977e-05
       561.00000       4.8522786   9.2273158e-05   1.8779067e-05
       562.00000       4.8607422   7.4017183e-05   1.6819094e-05
       563.00000       4.8692057   9.5872694e-05   1.9141844e-05
       564.00000       4.8776693   7.7270667e-05   1.7184767e-05
       565.00000       4.8861328   6.1387355e-05   1.5317073e-05
       566.00000       4.8945964   6.3013957e-05   1.5518677e-05
       567.00000       4.9030599   9.7009635e-05   1.9255010e-05
       568.00000       4.9115234   0.00010602805   2.0130136e-05
       569.00000       4.9199870   0.00011338521   2.0816827e-05
       570.00000       4.9284505   0.00011608590   2.1063282e-05
       571.00000       4.9369141   0.00010019422   1.9568505e-05
       572.00000       4.9453776   8.1263260e-05   1.7623146e-05
       573.00000       4.9538411   7.5192048e-05   1.6952052e-05
       574.00000       4.9623047   6.4157708e-05   1.5658881e-05
       575.00000       4.9707682   7.6990549e-05   1.7153590e-05
       576.00000       4.9792318   5.7732490e-05   1.4854104e-05
       577.00000       4.9876953   7.6956809e-05   1.7149831e-05
       578.00000       4.9961589   6.9111120e-05   1.6252130e-05
       579.00000       5.0046224   7.5555264e-05   1.6992946e-05
       580.00000       5.0130859   9.7129136e-05   1.9266866e-05
       581.00000       5.0215495   7.1612630e-05   1.6543642e-05
       582.00000       5.0300130   7.7808472e-05   1.7244466e-05
       583.00000       5.0384766   9.4886946e-05   1.9043183e-05
       584.00000       5.0469401   8.0094526e-05   1.7495958e-05
       585.00000       5.0554036   9.4018719e-05   1.8955859e-05
       586.00000       5.0638672   0.00012572565   2.1920389e-05
       587.00000       5.0723307   8.8369996e-05   1.8377597e-05
       588.00000       5.0807943   8.8510823e-05   1.8392235e-05
       589.00000       5.0892578   7.7514439e-05   1.7211852e-05
       590.00000       5.0977214   6.1528729e-05   1.5334700e-05
       591.00000       5.1061849   7.9829309e-05   1.7466967e-05
       592.00000       5.1146484   8.2327746e-05   1.7738195e-05
       593.00000       5.1231120   9.3561933e-05   1.8909755e-05
       594.00000       5.1315755   7.3254580e-05   1.6732225e-05
       595.00000       5.1400391   5.9331140e-05   1.5058359e-05
       596.00000       5.1485026   9.9928126e-05   1.9542503e-05
       597.00000       5.1569661   0.00010353641   1.9892202e-05
       598.00000       5.1654297   0.00010825962   2.0340871e-05
       599.00000       5.1738932   0.00014317969   2.3392520e-05
       600.00000       5.1823568   8.6116268e-05   1.8141739e-05
       601.00000       5.1908203   6.0864210e-05   1.5251667e-05
       602.00000       5.1992839   8.8548331e-05   1.8396131e-05
       603.00000       5.2077474   7.0090325e-05   1.6366859e-05
       604.00000       5.2162109   6.0458678e-05   1.5200772e-05
       605.00000       5.2246745   6.5792398e-05   1.5857115e-05
       606.00000       5.2331380   7.2997011e-05   1.6702783e-05
       607.00000       5.2416016   7.6997397e-05   1.7154353e-05
       608.00000       5.2500651   8.1576024e-05   1.7657027e-05
       609.00000       5.2585286   7.4614869e-05   1.6886864e-05
       610.00000       5.2669922   8.3891498e-05   1.7905864e-05
       611.00000       5.2754557   7.3057660e-05   1.6709721e-05
       612.00000       5.2839193   7.0412598e-05   1.6404443e-05
       613.00000       5.2923828   7.9800955e-05   1.7463865e-05
       614.00000       5.3008464   8.3786233e-05   1.7894627e-05
       615.00000       5.3093099   7.9480168e-05   1.7428728e-05
       616.00000       5.3177734   6.7596505e-05   1.6073055e-05
       617.00000       5.3262370   9.8836570e-05   1.9435474e-05
       618.00000       5.3347005   0.00010820465   2.0335707e-05
       619.00000       5.3431641   9.3452873e-05   1.8898731e-05
       620.00000       5.3516276   9.5273380e-05   1.9081921e-05
       621.00000       5.3600911   8.3664595e-05   1.7881633e-05
       622.00000       5.3685547   7.0665983e-05   1.6433933e-05
       623.00000       5.3770182   6.6127302e-05   1.5897422e-05
       624.00000       5.3854818   8.0959301e-05   1.7590156e-05
       625.00000       5.3939453   9.4295050e-05   1.8983695e-05
       626.00000       5.4024089   7.5801081e-05   1.7020566e-05
       627.00000       5.4108724   9.6050850e-05   1.9159621e-05
       628.00000       5.4193359   0.00010637179   2.0162740e-05
       629.00000       5.4277995   8.4416584e-05   1.7961814e-05
       630.00000       5.4362630   8.2468244e-05   1.7753324e-05
       631.00000       5.4447266   8.4526218e-05   1.7973474e-05
       632.00000       5.4531901   7.0682191e-05   1.6435818e-05
       633.00000       5.4616536   7.8018922e-05   1.7267771e-05
       634.00000       5.4701172   8.5654735e-05   1.8093059e-05
       635.00000       5.4785807   0.00010037794   1.9586437e-05
       636.00000       5.4870443   0.00010324526   1.9864213e-05
       637.00000       5.4955078   8.2844688e-05   1.7793798e-05
       638.00000       5.5039714   9.7936611e-05   1.9346787e-05
       639.00000       5.5124349   7.3102242e-05   1.6714818e-05
       640.00000       5.5208984   9.7549558e-05   1.9308519e-05
       641.00000       5.5293620   7.7858737e-05   1.7250035e-05
       642.00000       5.5378255   7.8286753e-05   1.7297385e-05
       643.00000       5.5462891   7.3753862e-05   1.6789149e-05
       644.00000       5.5547526   6.1029665e-05   1.5272383e-05
       645.00000       5.5632161   8.5071316e-05   1.8031335e-05
       646.00000       5.5716797   8.6820664e-05   1.8215784e-05
       647.00000       5.5801432   9.9474898e-05   1.9498135e-05
       648.00000       5.5886068   7.2037267e-05   1.6592618e-05
       649.00000       5.5970703   8.6332408e-05   1.8164491e-05
       650.00000       5.6055339   7.6455625e-05   1.7093895e-05
       651.00000       5.6139974   6.4705844e-05   1.5725630e-05
       652.00000       5.6224609   9.0637529e-05   1.8611884e-05
       653.00000       5.6309245   8.7629090e-05   1.8300395e-05
       654.00000       5.6393880   0.00011029248   2.0530960e-05
       655.00000       5.6478516   0.00010381482   1.9918929e-05
       656.00000       5.6563151   0.00011830513   2.1263664e-05
       657.00000       5.6647786   0.00012149848   2.1548733e-05
       658.00000       5.6732422   7.9289466e-05   1.7407807e-05
       659.00000       5.6817057   7.8951310e-05   1.7370646e-05
       660.00000       5.6901693   7.3735708e-05   1.6787083e-05
       661.00000       5.6986328   9.4609733e-05   1.9015345e-05
       662.00000       5.7070964   9.8539403e-05   1.9406234e-05
       663.00000       5.7155599   7.5513728e-05   1.6988274e-05
       664.00000       5.7240234   6.7320809e-05   1.6040244e-05
       665.00000       5.7324870   0.00011817637   2.1252089e-05
       666.00000       5.7409505   7.9614048e-05   1.7443401e-05
       667.00000       5.7494141   7.4319751e-05   1.6853435e-05
       668.00000       5.7578776   9.0376612e-05   1.8585076e-05
       669.00000       5.7663411   0.00010273061   1.9814643e-05
       670.00000       5.7748047   8.8989264e-05   1.8441877e-05
       671.00000       5.7832682   8.4842735e-05   1.8007094e-05
       672.00000       5.7917318   7.1542923e-05   1.6535588e-05
       673.00000       5.8001953   8.6097308e-05   1.8139742e-05
       674.00000       5.8086589   7.1860698e-05   1.6572271e-05
       675.00000       5.8171224   7.6561600e-05   1.7105738e-05
       676.00000       5.8255859   7.3102934e-05   1.6714897e-05
       677.00000       5.8340495   8.9905092e-05   1.8536531e-05
       678.00000       5.8425130   0.00010956923   2.0463533e-05
       679.00000       5.8509766   0.00010223401   1.9766692e-05
       680.00000       5.8594401   8.2226597e-05   1.7727295e-05
       681.00000       5.8679036   7.9626942e-05   1.7444813e-05
       682.00000       5.8763672   8.4345181e-05   1.7954216e-05
       683.00000       5.8848307   8.5395148e-05   1.8065622e-05
       684.00000       5.8932943   7.1961740e-05   1.6583918e-05
       685.00000       5.9017578   9.9745874e-05   1.9524674e-05
       686.00000       5.9102214   9.5536586e-05   1.9108261e-05
       687.00000       5.9186849   8.5090616e-05   1.8033380e-05
       688.00000       5.9271484   6.6687855e-05   1.5964660e-05
       689.00000       5.9356120   6.2176431e-05   1.5415202e-05
       690.00000       5.9440755   9.7875679e-05   1.9340768e-05
       691.00000       5.9525391   6.7508366e-05   1.6062573e-05
       692.00000       5.9610026   6.9571266e-05   1.6306144e-05
       693.00000       5.9694661   7.6246016e-05   1.7070447e-05
       694.00000       5.9779297   8.4022469e-05   1.7919836e-05
       695.00000       5.9863932   8.5301165e-05   1.8055678e-05
       696.00000       5.9948568   0.00010242254   1.9784910e-05
       697.00000       6.0033203   9.9476312e-05   1.9498273e-05
       698.00000       6.0117839   7.2305273e-05   1.6623455e-05
       699.00000       6.0202474   7.2984189e-05   1.6701316e-05
       700.00000       6.0287109   8.5310777e-05   1.8056695e-05
       701.00000       6.0371745   9.9530579e-05   1.9503591e-05
       702.00000       6.0456380   7.1649491e-05   1.6547899e-05
       703.00000       6.0541016   8.3784326e-05   1.7894423e-05
       704.00000       6.0625651   9.4205386e-05   1.8974668e-05
       705.00000       6.0710286   7.3673921e-05   1.6780048e-05
       706.00000       6.0794922   0.00010283720   1.9824920e-05
       707.00000       6.0879557   8.8700276e-05   1.8411908e-05
       708.00000       6.0964193   5.5897984e-05   1.4616197e-05
       709.00000       6.1048828   6.5653413e-05   1.5840357e-05
       710.00000       6.1133464   7.4328101e-05   1.6854382e-05
       711.00000       6.1218099   7.4363965e-05   1.6858448e-05
       712.00000       6.1302734   7.6686387e-05   1.7119672e-05
       713.00000       6.1387370   7.4670336e-05   1.6893139e-05
       714.00000       6.1472005   0.00012558976   2.1908539e-05
       715.00000       6.1556641   9.9420873e-05   1.9492839e-05
       716.00000       6.1641276   0.00010205779   1.9749650e-05
       717.00000       6.1725911   9.3952915e-05   1.8949224e-05
       718.00000       6.1810547   9.9958189e-05   1.9545442e-05
       719.00000       6.1895182   7.7045969e-05   1.7159762e-05
       720.00000       6.1979818   8.6466402e-05   1.8178582e-05
       721.00000       6.2064453   9.0168494e-05   1.8563665e-05
       722.00000       6.2149089   0.00012067087   2.1475216e-05
       723.00000       6.2233724   9.1679409e-05   1.8718550e-05
       724.00000       6.2318359   6.0187404e-05   1.5166631e-05
       725.00000       6.2402995   7.3971650e-05   1.6813919e-05
       726.00000       6.2487630   9.2737814e-05   1.8826290e-05
       727.00000       6.2572266   8.0499056e-05   1.7540085e-05
       728.00000       6.2656901   9.3469506e-05   1.8900413e-05
       729.00000       6.2741536   6.2928027e-05   1.5508092e-05
       730.00000       6.2826172   8.5801547e-05   1.8108558e-05
       731.00000       6.2910807   9.1468497e-05   1.8697007e-05
       732.00000       6.2995443   7.2259992e-05   1.6618249e-05
       733.00000       6.3080078   7.7921671e-05   1.7257006e-05
       734.00000       6.3164714   0.00010429133   1.9964591e-05
       735.00000       6.3249349   7.0390038e-05   1.6401815e-05
       736.00000       6.3333984   6.8101497e-05   1.6132982e-05
       737.00000       6.3418620   9.6718311e-05   1.9226076e-05
       738.00000       6.3503255   8.1642509e-05   1.7664221e-05
       739.00000       6.3587891   0.00010108027   1.9654840e-05
       740.00000       6.3672526   7.8777393e-05   1.7351504e-05
       741.00000       6.3757161   0.00010072405   1.9620176e-05
       742.00000       6.3841797   0.00012268674   2.1653850e-05
       743.00000       6.3926432   0.00011811701   2.1246751e-05
       744.00000       6.4011068   8.4497764e-05   1.7970449e-05
       745.00000       6.4095703   7.0145933e-05   1.6373351e-05
       746.00000       6.4180339   7.2363201e-05   1.6630113e-05
       747.00000       6.4264974   6.1611984e-05   1.5345071e-05
       748.00000       6.4349609   5.6839391e-05   1.4738762e-05
       749.00000       6.4434245   8.1929579e-05   1.7695249e-05
       750.00000       6.4518880   7.9172350e-05   1.7394946e-05
       751.00000       6.4603516   6.6474703e-05   1.5939126e-05
       752.00000       6.4688151   6.9047009e-05   1.6244590e-05
       753.00000       6.4772786   8.3103327e-05   1.7821552e-05
       754.00000       6.4857422   0.00011204563   2.0693492e-05
       755.00000       6.4942057   8.7699546e-05   1.8307750e-05
       756.00000       6.5026693   7.8414750e-05   1.7311520e-05
       757.00000       6.5111328   9.2626346e-05   1.8814972e-05
       758.00000       6.5195964   7.0834468e-05   1.6453513e-05
       759.00000       6.5280599   7.5898308e-05   1.7031479e-05
       760.00000       6.5365234   8.4917754e-05   1.8015054e-05
       761.00000       6.5449870   6.6972555e-05   1.5998702e-05
       762.00000       6.5534505   8.4802342e-05   1.8002807e-05
       763.00000       6.5619141   9.9523413e-05   1.9502889e-05
       764.00000       6.5703776   8.1815145e-05   1.7682887e-05
       765.00000       6.5788411   9.9324062e-05   1.9483346e-05
       766.00000       6.5873047   7.2468825e-05   1.6642245e-05
       767.00000       6.5957682   7.1590245e-05   1.6541056e-05
       768.00000       6.6042318   6.0188363e-05   1.5166752e-05
       769.00000       6.6126953   7.7404874e-05   1.7199684e-05
       770.00000       6.6211589   0.00012536933   2.1889305e-05
       771.00000       6.6296224   6.4131143e-05   1.5655639e-05
       772.00000       6.6380859   0.00011280823   2.0763793e-05
       773.00000       6.6465495   0.00012575862   2.1923263e-05
       774.00000       6.6550130   0.00011618095   2.1071904e-05
       775.00000       6.6634766   8.5761146e-05   1.8104294e-05
       776.00000       6.6719401   0.00011252113   2.0737354e-05
       777.00000       6.6804036   8.5289975e-05   1.8054493e-05
       778.00000       6.6888672   7.5713652e-05   1.7010748e-05
       779.00000       6.6973307   5.9495765e-05   1.5079236e-05
       780.00000       6.7057943   8.4825002e-05   1.8005212e-05
       781.00000       6.7142578   9.6022232e-05   1.9156767e-05
       782.00000       6.7227214   6.9154551e-05   1.6257235e-05
       783.00000       6.7311849   7.8083530e-05   1.7274919e-05
       784.00000       6.7396484   5.8353616e-05   1.4933795e-05
       785.00000       6.7481120   8.8082781e-05   1.8347708e-05
       786.00000       6.7565755   0.00010765785   2.0284260e-05
       787.00000       6.7650391   9.5193813e-05   1.9073951e-05
       788.00000       6.7735026   0.00010020721   1.9569773e-05
       789.00000       6.7819661   0.00010402688   1.9939262e-05
       790.00000       6.7904297   8.9613509e-05   1.8506447e-05
       791.00000       6.7988932   8.2731898e-05   1.7781681e-05
       792.00000       6.8073568   9.7570601e-05   1.9310601e-05
       793.00000       6.8158203   8.8453026e-05   1.8386229e-05
       794.00000       6.8242839   8.0721273e-05   1.7564278e-05
       795.00000       6.8327474   7.2261880e-05   1.6618466e-05
       796.00000       6.8412109   9.2185982e-05   1.8770194e-05
       797.00000       6.8496745   8.8733526e-05   1.8415359e-05
       798.00000       6.8581380   8.2612798e-05   1.7768877e-05
       799.00000       6.8666016   0.00011280039   2.0763072e-05
       800.00000       6.8750651   8.7456049e-05   1.8282317e-05
       801.00000       6.8835286   0.00011639144   2.1090984e-05
       802.00000       6.8919922   7.4757795e-05   1.6903030e-05
       803.00000       6.9004557   0.00010756448   2.0275462e-05
       804.00000       6.9089193   0.00011238111   2.0724448e-05
       805.00000       6.9173828   8.5420231e-05   1.8068275e-05
       806.00000       6.9258464   0.00010514582   2.0046212e-05
       807.00000       6.9343099   0.00011336544   2.0815012e-05
       808.00000       6.9427734   0.00010991805   2.0496081e-05
       809.00000       6.9512370   0.00011846954   2.1278434e-05
       810.00000       6.9597005   9.6919833e-05   1.9246096e-05
       811.00000       6.9681641   6.9359081e-05   1.6281259e-05
       812.00000       6.9766276   8.9434731e-05   1.8487978e-05
       813.00000       6.9850911   8.1024288e-05   1.7597214e-05
       814.00000       6.9935547   6.7968114e-05   1.6117175e-05
       815.00000       7.0020182   8.3782656e-05   1.7894245e-05
       816.00000       7.0104818   7.9961827e-05   1.7481459e-05
       817.00000       7.0189453   6.4459183e-05   1.5695628e-05
       818.00000       7.0274089   7.3511209e-05   1.6761508e-05
       819.00000       7.0358724   8.9678713e-05   1.8513179e-05
       820.00000       7.0443359   0.00011449957   2.0918871e-05
       821.00000       7.0527995   9.8691272e-05   1.9421183e-05
       822.00000       7.0612630   0.00011117481   2.0612919e-05
       823.00000       7.0697266   0.00011479678   2.0946003e-05
       824.00000       7.0781901   0.00010689838   2.0212586e-05
       825.00000       7.0866536   0.00010140192   1.9686087e-05
       826.00000       7.0951172   0.00011020182   2.0522520e-05
       827.00000       7.1035807   6.6230686e-05   1.5909845e-05
       828.00000       7.1120443   9.0256767e-05   1.8572749e-05
       829.00000       7.1205078   0.00010108273   1.9655079e-05
       830.00000       7.1289714   0.00011055300   2.0555194e-05
       831.00000       7.1374349   0.00011816121   2.1250726e-05
       832.00000       7.1458984   7.5650561e-05   1.7003659e-05
       833.00000       7.1543620   9.8496220e-05   1.9401982e-05
       834.00000       7.1628255   9.6620935e-05   1.9216395e-05
       835.00000       7.1712891   0.00011325370   2.0804750e-05
       836.00000       7.1797526   0.00012119249   2.1521581e-05
       837.00000       7.1882161   0.00011327716   2.0806905e-05
       838.00000       7.1966797   0.00010756932   2.0275918e-05
       839.00000       7.2051432   0.00011129124   2.0623710e-05
       840.00000       7.2136068   0.00010272917   1.9814504e-05
       841.00000       7.2220703   0.00011575753   2.1033470e-05
       842.00000       7.2305339   0.00011840000   2.1272188e-05
       843.00000       7.2389974   0.00011028914   2.0530649e-05
       844.00000       7.2474609   9.6807624e-05   1.9234951e-05
       845.00000       7.2559245   0.00010382159   1.9919579e-05
       846.00000       7.2643880   0.00012369541   2.1742681e-05
       847.00000       7.2728516   0.00011864767   2.1294425e-05
       848.00000       7.2813151   0.00010177558   1.9722325e-05
       849.00000       7.2897786   0.00013124618   2.2396474e-05
       850.00000       7.2982422   0.00011104318   2.0600713e-05
       851.00000       7.3067057   9.0757607e-05   1.8624209e-05
       852.00000       7.3151693   8.9936443e-05   1.8539762e-05
       853.00000       7.3236328   8.8964812e-05   1.8439343e-05
       854.00000       7.3320964   9.9458885e-05   1.9496565e-05
       855.00000       7.3405599   9.3244307e-05   1.8877630e-05
       856.00000       7.3490234   9.5028091e-05   1.9057341e-05
       857.00000       7.3574870   0.00010236197   1.9779059e-05
       858.00000       7.3659505   0.00012820206   2.2135219e-05
       859.00000       7.3744141   9.2538849e-05   1.8806083e-05
       860.00000       7.3828776   0.00014124744   2.3234140e-05
       861.00000       7.3913411   0.00010917645   2.0426822e-05
       862.00000       7.3998047   0.00011779142   2.1217447e-05
       863.00000       7.4082682   0.00012827349   2.2141384e-05
       864.00000       7.4167318   0.00013875615   2.3028329e-05
       865.00000       7.4251953   0.00014043474   2.3167202e-05
       866.00000       7.4336589   0.00015714074   2.4506467e-05
       867.00000       7.4421224   0.00018207626   2.6379282e-05
       868.00000       7.4505859   0.00015452262   2.4301459e-05
       869.00000       7.4590495   0.00017147968   2.5600158e-05
       870.00000       7.4675130   0.00015751295   2.4535473e-05
       871.00000       7.4759766   0.00017679425   2.5993836e-05
       872.00000       7.4844401   0.00017155493   2.5605774e-05
       873.00000       7.4929036   0.00019992567   2.7642072e-05
       874.00000       7.5013672   0.00017438956   2.5816451e-05
       875.00000       7.5098307   0.00015566634   2.4391228e-05
       876.00000       7.5182943   0.00013295314   2.2541645e-05
       877.00000       7.5267578   0.00016363046   2.5007391e-05
       878.00000       7.5352214   0.00015339177   2.4212372e-05
       879.00000       7.5436849   0.00019155768   2.7057402e-05
       880.00000       7.5521484   0.00017735193   2.6034801e-05
       881.00000       7.5606120   0.00019504537   2.7302608e-05
       882.00000       7.5690755   0.00020457277   2.7961485e-05
       883.00000       7.5775391   0.00014824484   2.3802694e-05
       884.00000       7.5860026   0.00015631308   2.4441844e-05
       885.00000       7.5944661   0.00018125157   2.6319474e-05
       886.00000       7.6029297   0.00014859058   2.3830434e-05
       887.00000       7.6113932   0.00011142322   2.0635935e-05
       888.00000       7.6198568   0.00010242208   1.9784866e-05
       889.00000       7.6283203   0.00013438690   2.2662863e-05
       890.00000       7.6367839   0.00013717684   2.2896901e-05
       891.00000       7.6452474   0.00011877140   2.1305525e-05
       892.00000       7.6537109   0.00013932759   2.3075699e-05
       893.00000       7.6621745   0.00017499160   2.5860976e-05
       894.00000       7.6706380   0.00014730352   2.3727002e-05
       895.00000       7.6791016   0.00012602635   2.1946587e-05
       896.00000       7.6875651   0.00012713045   2.2042513e-05
       897.00000       7.6960286   0.00016086514   2.4795181e-05
       898.00000       7.7044922   0.00011861303   2.1291316e-05
       899.00000       7.7129557   0.00013108922   2.2383077e-05
       900.00000       7.7214193   0.00017987543   2.6219369e-05
       901.00000       7.7298828   0.00015959379   2.4697006e-05
       902.00000       7.7383464   0.00017459157   2.5831400e-05
       903.00000       7.7468099   0.00013251102   2.2504134e-05
       904.00000       7.7552734   0.00010611206   2.0138108e-05
       905.00000       7.7637370   0.00012299104   2.1680688e-05
       906.00000       7.7722005   0.00010387558   1.9924757e-05
       907.00000       7.7806641   0.00013104777   2.2379538e-05
       908.00000       7.7891276   0.00013276105   2.2525356e-05
       909.00000       7.7975911   0.00012916352   2.2218065e-05
       910.00000       7.8060547   0.00011793670   2.1230528e-05
       911.00000       7.8145182   0.00011593465   2.1049556e-05
       912.00000       7.8229818   0.00013729395   2.2906673e-05
       913.00000       7.8314453   0.00013429807   2.2655372e-05
       914.00000       7.8399089   0.00010367450   1.9905463e-05
       915.00000       7.8483724   0.00010210299   1.9754022e-05
       916.00000       7.8568359   0.00015305454   2.4185742e-05
       917.00000       7.8652995   0.00014979314   2.3926670e-05
       918.00000       7.8737630   0.00014041031   2.3165187e-05
       919.00000       7.8822266   0.00014549079   2.3580557e-05
       920.00000       7.8906901   0.00012854564   2.2164859e-05
       921.00000       7.8991536   0.00015164449   2.4074076e-05
       922.00000       7.9076172   0.00013708476   2.2889215e-05
       923.00000       7.9160807   0.00014942800   2.3897491e-05
       924.00000       7.9245443   0.00014782835   2.3769234e-05
       925.00000       7.9330078   0.00011537253   2.0998464e-05
       926.00000       7.9414714   0.00014989099   2.3934484e-05
       927.00000       7.9499349   0.00016932880   2.5439099e-05
       928.00000       7.9583984   0.00016070895   2.4783141e-05
       929.00000       7.9668620   0.00016381410   2.5021420e-05
       930.00000       7.9753255   0.00015073022   2.4001395e-05
       931.00000       7.9837891   0.00016029031   2.4750841e-05
       932.00000       7.9922526   0.00014993969   2.3938372e-05
       933.00000       8.0007161   0.00013508779   2.2721885e-05
       934.00000       8.0091797   0.00015744182   2.4529933e-05
       935.00000       8.0176432   0.00019844968   2.7539846e-05
       936.00000       8.0261068   0.00021785100   2.8854669e-05
       937.00000       8.0345703   0.00019435652   2.7254352e-05
       938.00000       8.0430339   0.00020133736   2.7739491e-05
       939.00000       8.0514974   0.00019495857   2.7296532e-05
       940.00000       8.0599609   0.00021191295   2.8458700e-05
       941.00000       8.0684245   0.00020929245   2.8282194e-05
       942.00000       8.0768880   0.00017031129   2.5512795e-05
       943.00000       8.0853516   0.00016405442   2.5039767e-05
       944.00000       8.0938151   0.00017609269   2.5942210e-05
       945.00000       8.1022786   0.00015695608   2.4492063e-05
       946.00000       8.1107422   0.00018421866   2.6534024e-05
       947.00000       8.1192057   0.00017694920   2.6005225e-05
       948.00000       8.1276693   0.00017196837   2.5636610e-05
       949.00000       8.1361328   0.00021265583   2.8508539e-05
       950.00000       8.1445964   0.00019863148   2.7552458e-05
       951.00000       8.1530599   0.00017535105   2.5887523e-05
       952.00000       8.1615234   0.00023772787   3.0142298e-05
       953.00000       8.1699870   0.00021464366   2.8641473e-05
       954.00000       8.1784505   0.00017389926   2.5780134e-05
       955.00000       8.1869141   0.00019474971   2.7281907e-05
       956.00000       8.1953776   0.00019885248   2.7567782e-05
       957.00000       8.2038411   0.00016376771   2.5017877e-05
       958.00000       8.2123047   0.00018898873   2.6875359e-05
       959.00000       8.2207682   0.00015775961   2.4554677e-05
       960.00000       8.2292318   0.00015902120   2.4652662e-05
       961.00000       8.2376953   0.00016411738   2.5044571e-05
       962.00000       8.2461589   0.00016838075   2.5367784e-05
       963.00000       8.2546224   0.00019307273   2.7164191e-05
       964.00000       8.2630859   0.00019749060   2.7473217e-05
       965.00000       8.2715495   0.00018372964   2.6498782e-05
       966.00000       8.2800130   0.00019511944   2.7307791e-05
       967.00000       8.2884766   0.00019569678   2.7348162e-05
       968.00000       8.2969401   0.00019655285   2.7407914e-05
       969.00000       8.3054036   0.00018686735   2.6724096e-05
       970.00000       8.3138672   0.00014191098   2.3288650e-05
       971.00000       8.3223307   0.00015466018   2.4312273e-05
       972.00000       8.3307943   0.00019265096   2.7134504e-05
       973.00000       8.3392578   0.00016405568   2.5039863e-05
       974.00000       8.3477214   0.00015607469   2.4423199e-05
       975.00000       8.3561849   0.00017422015   2.5803909e-05
       976.00000       8.3646484   0.00022895975   2.9581207e-05
       977.00000       8.3731120   0.00019472798   2.7280384e-05
       978.00000       8.3815755   0.00017048026   2.5525448e-05
       979.00000       8.3900391   0.00017375676   2.5769570e-05
       980.00000       8.3985026   0.00019657679   2.7409583e-05
       981.00000       8.4069661   0.00018117381   2.6313828e-05
       982.00000       8.4154297   0.00020602199   2.8060351e-05
       983.00000       8.4238932   0.00020287419   2.7845160e-05
       984.00000       8.4323568   0.00017545279   2.5895032e-05
       985.00000       8.4408203   0.00021006611   2.8334419e-05
       986.00000       8.4492839   0.00019630734   2.7390792e-05
       987.00000       8.4577474   0.00019519288   2.7312930e-05
       988.00000       8.4662109   0.00018168665   2.6351043e-05
       989.00000       8.4746745   0.00019698570   2.7438076e-05
       990.00000       8.4831380   0.00021018659   2.8342543e-05
       991.00000       8.4916016   0.00020024748   2.7664310e-05
       992.00000       8.5000651   0.00021809074   2.8870541e-05
       993.00000       8.5085286   0.00018372389   2.6498368e-05
       994.00000       8.5169922   0.00021561890   2.8706466e-05
       995.00000       8.5254557   0.00022617484   2.9400753e-05
       996.00000       8.5339193   0.00025430945   3.1175796e-05
       997.00000       8.5423828   0.00023439772   2.9930433e-05
       998.00000       8.5508464   0.00021650240   2.8765218e-05
       999.00000       8.5593099   0.00027033615   3.2143146e-05
       1000.0000       8.5677734   0.00027762230   3.2573429e-05
       1001.0000       8.5762370   0.00025807327   3.1405653e-05
       1002.0000       8.5847005   0.00026544001   3.1850738e-05
       1003.0000       8.5931641   0.00022739368   2.9479866e-05
       1004.0000       8.6016276   0.00023713352   3.0104595e-05
       1005.0000       8.6100911   0.00024775436   3.0771379e-05
       1006.0000       8.6185547   0.00028963516   3.3270701e-05
       1007.0000       8.6270182   0.00031889417   3.4910784e-05
       1008.0000       8.6354818   0.00032643259   3.5321006e-05
       1009.0000       8.6439453   0.00032158141   3.5057567e-05
       1010.0000       8.6524089   0.00031630055   3.4768526e-05
       1011.0000       8.6608724   0.00031995067   3.4968566e-05
       1012.0000       8.6693359   0.00029330572   3.3480858e-05
       1013.0000       8.6777995   0.00033537360   3.5801461e-05
       1014.0000       8.6862630   0.00029759638   3.3724858e-05
       1015.0000       8.6947266   0.00031215063   3.4539689e-05
       1016.0000       8.7031901   0.00026451148   3.1794981e-05
       1017.0000       8.7116536   0.00031658807   3.4784326e-05
       1018.0000       8.7201172   0.00032008874   3.4976110e-05
       1019.0000       8.7285807   0.00027360865   3.2337111e-05
       1020.0000       8.7370443   0.00025483812   3.1208185e-05
       1021.0000       8.7455078   0.00028921794   3.3246729e-05
       1022.0000       8.7539714   0.00033038636   3.5534267e-05
       1023.0000       8.7624349   0.00028380974   3.2934415e-05
       1024.0000       8.7708984   0.00028213967   3.2837372e-05
       1025.0000       8.7793620   0.00028143793   3.2796509e-05
       1026.0000       8.7878255   0.00026083206   3.1573069e-05
       1027.0000       8.7962891   0.00025222297   3.1047642e-05
       1028.0000       8.8047526   0.00022154589   2.9098336e-05
       1029.0000       8.8132161   0.00026453069   3.1796136e-05
       1030.0000       8.8216797   0.00023778305   3.0145796e-05
       1031.0000       8.8301432   0.00027951886   3.2684502e-05
       1032.0000       8.8386068   0.00028789188   3.3170423e-05
       1033.0000       8.8470703   0.00028501812   3.3004454e-05
       1034.0000       8.8555339   0.00028279037   3.2875216e-05
       1035.0000       8.8639974   0.00028464573   3.2982886e-05
       1036.0000       8.8724609   0.00024180052   3.0399394e-05
       1037.0000       8.8809245   0.00026669396   3.1925882e-05
       1038.0000       8.8893880   0.00029403830   3.3522644e-05
       1039.0000       8.8978516   0.00027006000   3.2126724e-05
       1040.0000       8.9063151   0.00023138604   2.9737530e-05
       1041.0000       8.9147786   0.00024955809   3.0883189e-05
       1042.0000       8.9232422   0.00028241660   3.2853483e-05
       1043.0000       8.9317057   0.00026940095   3.2087499e-05
       1044.0000       8.9401693   0.00026288966   3.1697358e-05
       1045.0000       8.9486328   0.00031640615   3.4774330e-05
       1046.0000       8.9570964   0.00030771544   3.4293432e-05
       1047.0000       8.9655599   0.00031280420   3.4575829e-05
       1048.0000       8.9740234   0.00028180378   3.2817819e-05
       1049.0000       8.9824870   0.00028961230   3.3269388e-05
       1050.0000       8.9909505   0.00032987086   3.5506535e-05
       1051.0000       8.9994141   0.00029646029   3.3660424e-05
       1052.0000       9.0078776   0.00030002187   3.3862013e-05
       1053.0000       9.0163411   0.00026007546   3.1527243e-05
       1054.0000       9.0248047   0.00028143697   3.2796454e-05
       1055.0000       9.0332682   0.00028207904   3.2833843e-05
       1056.0000       9.0417318   0.00029493009   3.3573441e-05
       1057.0000       9.0501953   0.00032363129   3.5169125e-05
       1058.0000       9.0586589   0.00030789366   3.4303362e-05
       1059.0000       9.0671224   0.00029369401   3.3503012e-05
       1060.0000       9.0755859   0.00027152218   3.2213578e-05
       1061.0000       9.0840495   0.00027977716   3.2699600e-05
       1062.0000       9.0925130   0.00028668821   3.3101008e-05
       1063.0000       9.1009766   0.00027412173   3.2367417e-05
       1064.0000       9.1094401   0.00029148366   3.3376702e-05
       1065.0000       9.1179036   0.00032546781   3.5268771e-05
       1066.0000       9.1263672   0.00036244242   3.7218239e-05
       1067.0000       9.1348307   0.00038069365   3.8143815e-05
       1068.0000       9.1432943   0.00034935372   3.6540038e-05
       1069.0000       9.1517578   0.00029833426   3.3766642e-05
       1070.0000       9.1602214   0.00031836638   3.4881882e-05
       1071.0000       9.1686849   0.00033039669   3.5534823e-05
       1072.0000       9.1771484   0.00030264704   3.4009835e-05
       1073.0000       9.1856120   0.00030618645   3.4208127e-05
       1074.0000       9.1940755   0.00031246114   3.4556863e-05
       1075.0000       9.2025391   0.00032524734   3.5256824e-05
       1076.0000       9.2110026   0.00034151539   3.6127794e-05
       1077.0000       9.2194661   0.00039054284   3.8634087e-05
       1078.0000       9.2279297   0.00031212297   3.4538158e-05
       1079.0000       9.2363932   0.00030724756   3.4267351e-05
       1080.0000       9.2448568   0.00031769830   3.4845264e-05
       1081.0000       9.2533203   0.00027858894   3.2630088e-05
       1082.0000       9.2617839   0.00031372831   3.4626864e-05
       1083.0000       9.2702474   0.00033707858   3.5892350e-05
       1084.0000       9.2787109   0.00027858333   3.2629760e-05
       1085.0000       9.2871745   0.00033064431   3.5548136e-05
       1086.0000       9.2956380   0.00032775139   3.5392283e-05
       1087.0000       9.3041016   0.00034305055   3.6208903e-05
       1088.0000       9.3125651   0.00033599637   3.5834686e-05
       1089.0000       9.3210286   0.00033580930   3.5824709e-05
       1090.0000       9.3294922   0.00029251165   3.3435506e-05
       1091.0000       9.3379557   0.00034498661   3.6310935e-05
       1092.0000       9.3464193   0.00037227059   3.7719478e-05
       1093.0000       9.3548828   0.00031303601   3.4588638e-05
       1094.0000       9.3633464   0.00040390323   3.9289362e-05
       1095.0000       9.3718099   0.00038385342   3.8301786e-05
       1096.0000       9.3802734   0.00034579709   3.6353562e-05
       1097.0000       9.3887370   0.00037645687   3.7930968e-05
       1098.0000       9.3972005   0.00036433706   3.7315390e-05
       1099.0000       9.4056641   0.00032684376   3.5343244e-05
       1100.0000       9.4141276   0.00035400226   3.6782338e-05
       1101.0000       9.4225911   0.00034662029   3.6396808e-05
       1102.0000       9.4310547   0.00039076275   3.8644963e-05
       1103.0000       9.4395182   0.00035521249   3.6845158e-05
       1104.0000       9.4479818   0.00038169473   3.8193934e-05
       1105.0000       9.4564453   0.00044403973   4.1195258e-05
       1106.0000       9.4649089   0.00043222184   4.0643366e-05
       1107.0000       9.4733724   0.00041066244   3.9616746e-05
       1108.0000       9.4818359   0.00039859027   3.9030099e-05
       1109.0000       9.4902995   0.00041208728   3.9685414e-05
       1110.0000       9.4987630   0.00038329692   3.8274011e-05
       1111.0000       9.5072266   0.00038438246   3.8328170e-05
       1112.0000       9.5156901   0.00042776485   4.0433269e-05
       1113.0000       9.5241536   0.00036647927   3.7424932e-05
       1114.0000       9.5326172   0.00038712570   3.8464697e-05
       1115.0000       9.5410807   0.00038540745   3.8379239e-05
       1116.0000       9.5495443   0.00036983945   3.7596112e-05
       1117.0000       9.5580078   0.00041675866   3.9909715e-05
       1118.0000       9.5664714   0.00036431249   3.7314132e-05
       1119.0000       9.5749349   0.00039341508   3.8775893e-05
       1120.0000       9.5833984   0.00043155404   4.0611956e-05
       1121.0000       9.5918620   0.00039811018   3.9006587e-05
       1122.0000       9.6003255   0.00037626617   3.7921359e-05
       1123.0000       9.6087891   0.00041788988   3.9963842e-05
       1124.0000       9.6172526   0.00041712455   3.9927230e-05
       1125.0000       9.6257161   0.00037423330   3.7818781e-05
       1126.0000       9.6341797   0.00041521478   3.9835724e-05
       1127.0000       9.6426432   0.00042120025   4.0121820e-05
       1128.0000       9.6511068   0.00045690555   4.1787802e-05
       1129.0000       9.6595703   0.00044530729   4.1254014e-05
       1130.0000       9.6680339   0.00041894939   4.0014472e-05
       1131.0000       9.6764974   0.00046572677   4.2189260e-05
       1132.0000       9.6849609   0.00039490946   3.8849469e-05
       1133.0000       9.6934245   0.00034525390   3.6324999e-05
       1134.0000       9.7018880   0.00041653197   3.9898859e-05
       1135.0000       9.7103516   0.00038971950   3.8593341e-05
       1136.0000       9.7188151   0.00042857915   4.0471736e-05
       1137.0000       9.7272786   0.00045074313   4.1505043e-05
       1138.0000       9.7357422   0.00046827788   4.2304653e-05
       1139.0000       9.7442057   0.00047410867   4.2567217e-05
       1140.0000       9.7526693   0.00039624514   3.8915112e-05
       1141.0000       9.7611328   0.00043550183   4.0797289e-05
       1142.0000       9.7695964   0.00043690136   4.0862789e-05
       1143.0000       9.7780599   0.00048865801   4.3215428e-05
       1144.0000       9.7865234   0.00042346805   4.0229685e-05
       1145.0000       9.7949870   0.00046038813   4.1946755e-05
       1146.0000       9.8034505   0.00051654606   4.4431486e-05
       1147.0000       9.8119141   0.00046662042   4.2229718e-05
       1148.0000       9.8203776   0.00042213542   4.0166335e-05
       1149.0000       9.8288411   0.00042453958   4.0280551e-05
       1150.0000       9.8373047   0.00048467512   4.3038951e-05
       1151.0000       9.8457682   0.00052574128   4.4825212e-05
       1152.0000       9.8542318   0.00047352410   4.2540967e-05
       1153.0000       9.8626953   0.00045668300   4.1777624e-05
       1154.0000       9.8711589   0.00045239366   4.1580965e-05
       1155.0000       9.8796224   0.00043159107   4.0613698e-05
       1156.0000       9.8880859   0.00054734387   4.5736870e-05
       1157.0000       9.8965495   0.00053304953   4.5135691e-05
       1158.0000       9.9050130   0.00046861501   4.2319878e-05
       1159.0000       9.9134766   0.00042384134   4.0247413e-05
       1160.0000       9.9219401   0.00040761768   3.9469608e-05
       1161.0000       9.9304036   0.00048327529   4.2976754e-05
       1162.0000       9.9388672   0.00046500635   4.2156617e-05
       1163.0000       9.9473307   0.00048402137   4.3009915e-05
       1164.0000       9.9557943   0.00051795376   4.4491987e-05
       1165.0000       9.9642578   0.00052572928   4.4824700e-05
       1166.0000       9.9727214   0.00050206681   4.3804333e-05
       1167.0000       9.9811849   0.00048789827   4.3181821e-05
       1168.0000       9.9896484   0.00048006907   4.2833955e-05
       1169.0000       9.9981120   0.00050638338   4.3992236e-05
       1170.0000       10.006576   0.00049430467   4.3464398e-05
       1171.0000       10.015039   0.00050816670   4.4069631e-05
       1172.0000       10.023503   0.00049062590   4.3302358e-05
       1173.0000       10.031966   0.00047254512   4.2496969e-05
       1174.0000       10.040430   0.00044653967   4.1311059e-05
       1175.0000       10.048893   0.00050509092   4.3936058e-05
       1176.0000       10.057357   0.00048343889   4.2984027e-05
       1177.0000       10.065820   0.00051462878   4.4348951e-05
       1178.0000       10.074284   0.00054131779   4.5484399e-05
       1179.0000       10.082747   0.00050837258   4.4078557e-05
       1180.0000       10.091211   0.00045326159   4.1620833e-05
       1181.0000       10.099674   0.00055045544   4.5866689e-05
       1182.0000       10.108138   0.00054474722   4.5628251e-05
       1183.0000       10.116602   0.00050275537   4.3834360e-05
       1184.0000       10.125065   0.00054126393   4.5482136e-05
       1185.0000       10.133529   0.00058807300   4.7408033e-05
       1186.0000       10.141992   0.00050646886   4.3995949e-05
       1187.0000       10.150456   0.00053797735   4.5343841e-05
       1188.0000       10.158919   0.00054157062   4.5495020e-05
       1189.0000       10.167383   0.00051363782   4.4306231e-05
       1190.0000       10.175846   0.00051756139   4.4475132e-05
       1191.0000       10.184310   0.00054161647   4.5496946e-05
       1192.0000       10.192773   0.00054812342   4.5769429e-05
       1193.0000       10.201237   0.00052859174   4.4946564e-05
       1194.0000       10.209701   0.00050116905   4.3765151e-05
       1195.0000       10.218164   0.00052622241   4.4845718e-05
       1196.0000       10.226628   0.00055359325   4.5997233e-05
       1197.0000       10.235091   0.00060850429   4.8224544e-05
       1198.0000       10.243555   0.00055413546   4.6019753e-05
       1199.0000       10.252018   0.00053460663   4.5201566e-05
       1200.0000       10.260482   0.00055277480   4.5963218e-05
       1201.0000       10.268945   0.00058072062   4.7110741e-05
       1202.0000       10.277409   0.00058470867   4.7272229e-05
       1203.0000       10.285872   0.00056341525   4.6403486e-05
       1204.0000       10.294336   0.00047890669   4.2782067e-05
       1205.0000       10.302799   0.00052958901   4.4988943e-05
       1206.0000       10.311263   0.00053102190   4.5049765e-05
       1207.0000       10.319727   0.00054478501   4.5629834e-05
       1208.0000       10.328190   0.00055202488   4.5932030e-05
       1209.0000       10.336654   0.00056970344   4.6661719e-05
       1210.0000       10.345117   0.00060822393   4.8213434e-05
       1211.0000       10.353581   0.00060341819   4.8022582e-05
       1212.0000       10.362044   0.00059001898   4.7486406e-05
       1213.0000       10.370508   0.00055109518   4.5893335e-05
       1214.0000       10.378971   0.00056699347   4.6550606e-05
       1215.0000       10.387435   0.00055828499   4.6191736e-05
       1216.0000       10.395898   0.00056249911   4.6365744e-05
       1217.0000       10.404362   0.00058272219   4.7191859e-05
       1218.0000       10.412826   0.00055226875   4.5942174e-05
       1219.0000       10.421289   0.00063629754   4.9313569e-05
       1220.0000       10.429753   0.00061106231   4.8325801e-05
       1221.0000       10.438216   0.00059554013   4.7708067e-05
       1222.0000       10.446680   0.00061821627   4.8607863e-05
       1223.0000       10.455143   0.00051181265   4.4227442e-05
       1224.0000       10.463607   0.00055330683   4.5985332e-05
       1225.0000       10.472070   0.00057618712   4.6926491e-05
       1226.0000       10.480534   0.00061381610   4.8434570e-05
       1227.0000       10.488997   0.00062147357   4.8735749e-05
       1228.0000       10.497461   0.00056693118   4.6548049e-05
       1229.0000       10.505924   0.00063377681   4.9215792e-05
       1230.0000       10.514388   0.00065640930   5.0086845e-05
       1231.0000       10.522852   0.00064631703   4.9700312e-05
       1232.0000       10.531315   0.00063848250   4.9398164e-05
       1233.0000       10.539779   0.00065249420   4.9937252e-05
       1234.0000       10.548242   0.00064618921   4.9695397e-05
       1235.0000       10.556706   0.00066195056   5.0297812e-05
       1236.0000       10.565169   0.00060396692   4.8044413e-05
       1237.0000       10.573633   0.00064158943   4.9518207e-05
       1238.0000       10.582096   0.00058459357   4.7267576e-05
       1239.0000       10.590560   0.00059101139   4.7526325e-05
       1240.0000       10.599023   0.00060408240   4.8049005e-05
       1241.0000       10.607487   0.00068242272   5.1069670e-05
       1242.0000       10.615951   0.00064219539   4.9541586e-05
       1243.0000       10.624414   0.00070462162   5.1893659e-05
       1244.0000       10.632878   0.00071702586   5.2348437e-05
       1245.0000       10.641341   0.00068951336   5.1334301e-05
       1246.0000       10.649805   0.00064842598   4.9781332e-05
       1247.0000       10.658268   0.00065341076   4.9972313e-05
       1248.0000       10.666732   0.00062638267   4.8927855e-05
       1249.0000       10.675195   0.00066529152   5.0424582e-05
       1250.0000       10.683659   0.00064548166   4.9668182e-05
       1251.0000       10.692122   0.00066143407   5.0278185e-05
       1252.0000       10.700586   0.00059178711   4.7557505e-05
       1253.0000       10.709049   0.00058704718   4.7366666e-05
       1254.0000       10.717513   0.00069888249   5.1681891e-05
       1255.0000       10.725977   0.00067796751   5.0902692e-05
       1256.0000       10.734440   0.00061053708   4.8305028e-05
       1257.0000       10.742904   0.00058477609   4.7274954e-05
       1258.0000       10.751367   0.00062637372   4.8927506e-05
       1259.0000       10.759831   0.00068570296   5.1192262e-05
       1260.0000       10.768294   0.00069080916   5.1382515e-05
       1261.0000       10.776758   0.00069319704   5.1471244e-05
       1262.0000       10.785221   0.00064271407   4.9561588e-05
       1263.0000       10.793685   0.00063731970   4.9353162e-05
       1264.0000       10.802148   0.00062019859   4.8685731e-05
       1265.0000       10.810612   0.00064694272   4.9724363e-05
       1266.0000       10.819076   0.00057004867   4.6675855e-05
       1267.0000       10.827539   0.00058178989   4.7154093e-05
       1268.0000       10.836003   0.00062050335   4.8697692e-05
       1269.0000       10.844466   0.00066294953   5.0335750e-05
       1270.0000       10.852930   0.00073368847   5.2953194e-05
       1271.0000       10.861393   0.00066045685   5.0241030e-05
       1272.0000       10.869857   0.00063123804   4.9117120e-05
       1273.0000       10.878320   0.00071984189   5.2451133e-05
       1274.0000       10.886784   0.00064325837   4.9582570e-05
       1275.0000       10.895247   0.00062556868   4.8896054e-05
       1276.0000       10.903711   0.00062142663   4.8733908e-05
       1277.0000       10.912174   0.00070190375   5.1793480e-05
       1278.0000       10.920638   0.00057210301   4.6759884e-05
       1279.0000       10.929102   0.00067786552   5.0898863e-05
       1280.0000       10.937565   0.00063571489   4.9290986e-05
       1281.0000       10.946029   0.00062215597   4.8762498e-05
       1282.0000       10.954492   0.00069574730   5.1565838e-05
       1283.0000       10.962956   0.00074120225   5.3223653e-05
       1284.0000       10.971419   0.00075674689   5.3778865e-05
       1285.0000       10.979883   0.00067625602   5.0838401e-05
       1286.0000       10.988346   0.00069539715   5.1552860e-05
       1287.0000       10.996810   0.00071607334   5.2313655e-05
       1288.0000       11.005273   0.00080945799   5.5620318e-05
       1289.0000       11.013737   0.00080238151   5.5376661e-05
       1290.0000       11.022201   0.00067118088   5.0647277e-05
       1291.0000       11.030664   0.00061610797   4.8524908e-05
       1292.0000       11.039128   0.00062281951   4.8788494e-05
       1293.0000       11.047591   0.00067063542   5.0626692e-05
       1294.0000       11.056055   0.00073066499   5.2843973e-05
       1295.0000       11.064518   0.00069957214   5.1707384e-05
       1296.0000       11.072982   0.00070267037   5.1821757e-05
       1297.0000       11.081445   0.00069317431   5.1470400e-05
       1298.0000       11.089909   0.00069431251   5.1512640e-05
       1299.0000       11.098372   0.00064807332   4.9767793e-05
       1300.0000       11.106836   0.00070801786   5.2018571e-05
       1301.0000       11.115299   0.00070449977   5.1889172e-05
       1302.0000       11.123763   0.00078363811   5.4726048e-05
       1303.0000       11.132227   0.00078764812   5.4865890e-05
       1304.0000       11.140690   0.00078426449   5.4747915e-05
       1305.0000       11.149154   0.00067332098   5.0727959e-05
       1306.0000       11.157617   0.00072826564   5.2757137e-05
       1307.0000       11.166081   0.00075834022   5.3835451e-05
       1308.0000       11.174544   0.00075620235   5.3759513e-05
       1309.0000       11.183008   0.00072851309   5.2766099e-05
       1310.0000       11.191471   0.00074328579   5.3298407e-05
       1311.0000       11.199935   0.00077560561   5.4444847e-05
       1312.0000       11.208398   0.00065285479   4.9951049e-05
       1313.0000       11.216862   0.00072264601   5.2553194e-05
       1314.0000       11.225326   0.00078214893   5.4674024e-05
       1315.0000       11.233789   0.00077428219   5.4398377e-05
       1316.0000       11.242253   0.00071042743   5.2107012e-05
       1317.0000       11.250716   0.00075745360   5.3803971e-05
       1318.0000       11.259180   0.00077836104   5.4541472e-05
       1319.0000       11.267643   0.00081961118   5.5968059e-05
       1320.0000       11.276107   0.00082777610   5.6246144e-05
       1321.0000       11.284570   0.00079839885   5.5239058e-05
       1322.0000       11.293034   0.00072947506   5.2800926e-05
       1323.0000       11.301497   0.00068774372   5.1268384e-05
       1324.0000       11.309961   0.00070453555   5.1890489e-05
       1325.0000       11.318424   0.00073380368   5.2957351e-05
       1326.0000       11.326888   0.00077421172   5.4395902e-05
       1327.0000       11.335352   0.00081550443   5.5827666e-05
       1328.0000       11.343815   0.00076329930   5.4011189e-05
       1329.0000       11.352279   0.00082547374   5.6167868e-05
       1330.0000       11.360742   0.00084884733   5.6957524e-05
       1331.0000       11.369206   0.00076234553   5.3977434e-05
       1332.0000       11.377669   0.00070716729   5.1987316e-05
       1333.0000       11.386133   0.00072417838   5.2608884e-05
       1334.0000       11.394596   0.00076461459   5.4057705e-05
       1335.0000       11.403060   0.00076342182   5.4015524e-05
       1336.0000       11.411523   0.00080608963   5.5504472e-05
       1337.0000       11.419987   0.00078563864   5.4795858e-05
       1338.0000       11.428451   0.00080537275   5.5479786e-05
       1339.0000       11.436914   0.00074095855   5.3214902e-05
       1340.0000       11.445378   0.00079605589   5.5157947e-05
       1341.0000       11.453841   0.00076608354   5.4109607e-05
       1342.0000       11.462305   0.00080525689   5.5475795e-05
       1343.0000       11.470768   0.00083111844   5.6359583e-05
       1344.0000       11.479232   0.00087213420   5.7733511e-05
       1345.0000       11.487695   0.00083795810   5.6591012e-05
       1346.0000       11.496159   0.00077188758   5.4314194e-05
       1347.0000       11.504622   0.00079403130   5.5087761e-05
       1348.0000       11.513086   0.00074227244   5.3262062e-05
       1349.0000       11.521549   0.00085171578   5.7053679e-05
       1350.0000       11.530013   0.00085538407   5.7176411e-05
       1351.0000       11.538477   0.00082642568   5.6200245e-05
       1352.0000       11.546940   0.00084947899   5.6978712e-05
       1353.0000       11.555404   0.00079188014   5.5013090e-05
       1354.0000       11.563867   0.00080675264   5.5527294e-05
       1355.0000       11.572331   0.00091108248   5.9008579e-05
       1356.0000       11.580794   0.00085065738   5.7018219e-05
       1357.0000       11.589258   0.00078675715   5.4834850e-05
       1358.0000       11.597721   0.00078665438   5.4831268e-05
       1359.0000       11.606185   0.00078787869   5.4873920e-05
       1360.0000       11.614648   0.00080419299   5.5439136e-05
       1361.0000       11.623112   0.00081245230   5.5723097e-05
       1362.0000       11.631576   0.00074580428   5.3388626e-05
       1363.0000       11.640039   0.00078838663   5.4891606e-05
       1364.0000       11.648503   0.00086351212   5.7447420e-05
       1365.0000       11.656966   0.00081159459   5.5693676e-05
       1366.0000       11.665430   0.00081600479   5.5844790e-05
       1367.0000       11.673893   0.00084519891   5.6834988e-05
       1368.0000       11.682357   0.00077394857   5.4386657e-05
       1369.0000       11.690820   0.00075501964   5.3717456e-05
       1370.0000       11.699284   0.00084162713   5.6714770e-05
       1371.0000       11.707747   0.00082413677   5.6122364e-05
       1372.0000       11.716211   0.00087399280   5.7794996e-05
       1373.0000       11.724674   0.00084916265   5.6968102e-05
       1374.0000       11.733138   0.00079401668   5.5087254e-05
       1375.0000       11.741602   0.00087173153   5.7720181e-05
       1376.0000       11.750065   0.00082482921   5.6145936e-05
       1377.0000       11.758529   0.00087265416   5.7750719e-05
       1378.0000       11.766992   0.00081296085   5.5740534e-05
       1379.0000       11.775456   0.00073164021   5.2879226e-05
       1380.0000       11.783919   0.00088830030   5.8266136e-05
       1381.0000       11.792383   0.00092499193   5.9457314e-05
       1382.0000       11.800846   0.00092289762   5.9389966e-05
       1383.0000       11.809310   0.00087403805   5.7796492e-05
       1384.0000       11.817773   0.00083159471   5.6375729e-05
       1385.0000       11.826237   0.00089177021   5.8379825e-05
       1386.0000       11.834701   0.00093272612   5.9705368e-05
       1387.0000       11.843164   0.00086857724   5.7615659e-05
       1388.0000       11.851628   0.00082272907   5.6074413e-05
       1389.0000       11.860091   0.00080979244   5.5631807e-05
       1390.0000       11.868555   0.00074609332   5.3398971e-05
       1391.0000       11.877018   0.00085433938   5.7141485e-05
       1392.0000       11.885482   0.00081510454   5.5813977e-05
       1393.0000       11.893945   0.00089855143   5.8601371e-05
       1394.0000       11.902409   0.00084146763   5.6709395e-05
       1395.0000       11.910872   0.00079345251   5.5067680e-05
       1396.0000       11.919336   0.00083233174   5.6400706e-05
       1397.0000       11.927799   0.00083387470   5.6452959e-05
       1398.0000       11.936263   0.00081508412   5.5813278e-05
       1399.0000       11.944727   0.00084550042   5.6845125e-05
       1400.0000       11.953190   0.00088780949   5.8250036e-05
       1401.0000       11.961654   0.00086391741   5.7460900e-05
       1402.0000       11.970117   0.00087222385   5.7736478e-05
       1403.0000       11.978581   0.00085465177   5.7151931e-05
       1404.0000       11.987044   0.00078450856   5.4756434e-05
       1405.0000       11.995508   0.00086619755   5.7536678e-05
       1406.0000       12.003971   0.00085100878   5.7029995e-05
       1407.0000       12.012435   0.00083347917   5.6439569e-05
       1408.0000       12.020898   0.00085518759   5.7169844e-05
       1409.0000       12.029362   0.00081626782   5.5853790e-05
       1410.0000       12.037826   0.00081545007   5.5825806e-05
       1411.0000       12.046289   0.00086461401   5.7484061e-05
       1412.0000       12.054753   0.00084872944   5.6953569e-05
       1413.0000       12.063216   0.00088659049   5.8210033e-05
       1414.0000       12.071680   0.00094791376   6.0189498e-05
       1415.0000       12.080143   0.00086546483   5.7512338e-05
       1416.0000       12.088607   0.00083944418   5.6641171e-05
       1417.0000       12.097070   0.00091230574   5.9048180e-05
       1418.0000       12.105534   0.00095232214   6.0329295e-05
       1419.0000       12.113997   0.00087151250   5.7712930e-05
       1420.0000       12.122461   0.00080492905   5.5464501e-05
       1421.0000       12.130924   0.00092924633   5.9593891e-05
       1422.0000       12.139388   0.00088450866   5.8141650e-05
       1423.0000       12.147852   0.00085794740   5.7262017e-05
       1424.0000       12.156315   0.00091713498   5.9204258e-05
       1425.0000       12.164779   0.00093168998   5.9672196e-05
       1426.0000       12.173242   0.00091522614   5.9142614e-05
       1427.0000       12.181706   0.00099361188   6.1623264e-05
       1428.0000       12.190169   0.00093362120   5.9734009e-05
       1429.0000       12.198633   0.00095215611   6.0324036e-05
       1430.0000       12.207096   0.00090769677   5.8898835e-05
       1431.0000       12.215560   0.00084382946   5.6788926e-05
       1432.0000       12.224023   0.00081459564   5.5796551e-05
       1433.0000       12.232487   0.00086420390   5.7470427e-05
       1434.0000       12.240951   0.00090560249   5.8830849e-05
       1435.0000       12.249414   0.00088547852   5.8173518e-05
       1436.0000       12.257878   0.00086649779   5.7546649e-05
       1437.0000       12.266341   0.00089687499   5.8546679e-05
       1438.0000       12.274805   0.00089522231   5.8492712e-05
       1439.0000       12.283268   0.00093146258   5.9664914e-05
       1440.0000       12.291732   0.00087802456   5.7928148e-05
       1441.0000       12.300195   0.00095598232   6.0445120e-05
       1442.0000       12.308659   0.00095379786   6.0376020e-05
       1443.0000       12.317122   0.00090390962   5.8775836e-05
       1444.0000       12.325586   0.00094377911   6.0058086e-05
       1445.0000       12.334049    0.0010061619   6.2011214e-05
       1446.0000       12.342513   0.00098756848   6.1435574e-05
       1447.0000       12.350977   0.00096706899   6.0794605e-05
       1448.0000       12.359440   0.00094014713   5.9942413e-05
       1449.0000       12.367904   0.00081928791   5.5957021e-05
       1450.0000       12.376367   0.00085966553   5.7319325e-05
       1451.0000       12.384831   0.00089909080   5.8618957e-05
       1452.0000       12.393294   0.00085893876   5.7295091e-05
       1453.0000       12.401758   0.00095217680   6.0324691e-05
       1454.0000       12.410221   0.00089946059   5.8631011e-05
       1455.0000       12.418685   0.00088182375   5.8053339e-05
       1456.0000       12.427148   0.00089168701   5.8377102e-05
       1457.0000       12.435612   0.00095780940   6.0502854e-05
       1458.0000       12.444076   0.00089390531   5.8449671e-05
       1459.0000       12.452539   0.00091835433   5.9243601e-05
       1460.0000       12.461003   0.00088914140   5.8293714e-05
       1461.0000       12.469466   0.00081134621   5.5685153e-05
       1462.0000       12.477930   0.00092120721   5.9335550e-05
       1463.0000       12.486393    0.0010171247   6.2348128e-05
       1464.0000       12.494857   0.00099036998   6.1522651e-05
       1465.0000       12.503320   0.00094027766   5.9946574e-05
       1466.0000       12.511784   0.00091482031   5.9129500e-05
       1467.0000       12.520247   0.00088681127   5.8217280e-05
       1468.0000       12.528711   0.00084732637   5.6906473e-05
       1469.0000       12.537174   0.00094756240   6.0178342e-05
       1470.0000       12.545638   0.00098407910   6.1326943e-05
       1471.0000       12.554102   0.00089594579   5.8516343e-05
       1472.0000       12.562565   0.00098706702   6.1419975e-05
       1473.0000       12.571029   0.00095880772   6.0534376e-05
       1474.0000       12.579492   0.00097228368   6.0958295e-05
       1475.0000       12.587956   0.00099959757   6.1808600e-05
       1476.0000       12.596419   0.00094902841   6.0224876e-05
       1477.0000       12.604883   0.00091414294   5.9107605e-05
       1478.0000       12.613346    0.0010009974   6.1851864e-05
       1479.0000       12.621810   0.00092280967   5.9387136e-05
       1480.0000       12.630273   0.00098539225   6.1367846e-05
       1481.0000       12.638737   0.00098805559   6.1450723e-05
       1482.0000       12.647201   0.00098871765   6.1471308e-05
       1483.0000       12.655664   0.00094239932   6.0014168e-05
       1484.0000       12.664128    0.0010376172   6.2973073e-05
       1485.0000       12.672591    0.0010589613   6.3617464e-05
       1486.0000       12.681055   0.00088302662   5.8092920e-05
       1487.0000       12.689518   0.00087809904   5.7930605e-05
       1488.0000       12.697982   0.00092772453   5.9545073e-05
       1489.0000       12.706445    0.0010155593   6.2300130e-05
       1490.0000       12.714909    0.0010301229   6.2745248e-05
       1491.0000       12.723372   0.00091775566   5.9224288e-05
       1492.0000       12.731836   0.00089145962   5.8369658e-05
       1493.0000       12.740299   0.00092636450   5.9501411e-05
       1494.0000       12.748763   0.00097428584   6.1021026e-05
       1495.0000       12.757227   0.00096817536   6.0829371e-05
       1496.0000       12.765690   0.00091965325   5.9285483e-05
       1497.0000       12.774154   0.00094397106   6.0064194e-05
       1498.0000       12.782617   0.00093471643   5.9769036e-05
       1499.0000       12.791081    0.0010308542   6.2767515e-05
       1500.0000       12.799544    0.0010235587   6.2545014e-05
       1501.0000       12.808008   0.00098622930   6.1393905e-05
       1502.0000       12.816471   0.00090399898   5.8778741e-05
       1503.0000       12.824935   0.00091183818   5.9033047e-05
       1504.0000       12.833398   0.00093413521   5.9750450e-05
       1505.0000       12.841862   0.00094357108   6.0051467e-05
       1506.0000       12.850326   0.00093288739   5.9710530e-05
       1507.0000       12.858789   0.00094648968   6.0144269e-05
       1508.0000       12.867253    0.0010018472   6.1878113e-05
       1509.0000       12.875716   0.00098217782   6.1267671e-05
       1510.0000       12.884180   0.00091872622   5.9255595e-05
       1511.0000       12.892643   0.00097219392   6.0955481e-05
       1512.0000       12.901107   0.00095241535   6.0332248e-05
       1513.0000       12.909570   0.00097154408   6.0935105e-05
       1514.0000       12.918034   0.00095966805   6.0561529e-05
       1515.0000       12.926497   0.00097327413   6.0989335e-05
       1516.0000       12.934961    0.0010147933   6.2276631e-05
       1517.0000       12.943424    0.0010725161   6.4023325e-05
       1518.0000       12.951888    0.0010682552   6.3896021e-05
       1519.0000       12.960352   0.00098916038   6.1485069e-05
       1520.0000       12.968815    0.0010202341   6.2443354e-05
       1521.0000       12.977279    0.0010214580   6.2480797e-05
       1522.0000       12.985742   0.00097867923   6.1158454e-05
       1523.0000       12.994206   0.00099403813   6.1636481e-05
       1524.0000       13.002669    0.0010406502   6.3065044e-05
       1525.0000       13.011133    0.0010316985   6.2793214e-05
       1526.0000       13.019596   0.00098646343   6.1401192e-05
       1527.0000       13.028060   0.00098021288   6.1206355e-05
       1528.0000       13.036523   0.00096295175   6.0665052e-05
       1529.0000       13.044987   0.00096411075   6.0701549e-05
       1530.0000       13.053451   0.00099467035   6.1656078e-05
       1531.0000       13.061914    0.0010811010   6.4279050e-05
       1532.0000       13.070378    0.0010465953   6.3244928e-05
       1533.0000       13.078841    0.0012159346   6.8169706e-05
       1534.0000       13.087305    0.0021133458   8.9871418e-05
       1535.0000       13.095768    0.0020453439   8.8413683e-05
